Lower layer Super Output Areas Code,Lower layer Super Output Areas,Car or van availability (5 categories) Code,Car or van availability (5 categories),Observation
E01026007,Boston 001A,-8,Does not apply,0
E01026007,Boston 001A,0,No cars or vans in household,48
E01026007,Boston 001A,1,1 car or van in household,196
E01026007,Boston 001A,2,2 cars or vans in household,171
E01026007,Boston 001A,3,3 or more cars or vans in household,76
E01026008,Boston 001B,-8,Does not apply,0
E01026008,Boston 001B,0,No cars or vans in household,59
E01026008,Boston 001B,1,1 car or van in household,230
E01026008,Boston 001B,2,2 cars or vans in household,176
E01026008,Boston 001B,3,3 or more cars or vans in household,95
E01026009,Boston 001C,-8,Does not apply,0
E01026009,Boston 001C,0,No cars or vans in household,42
E01026009,Boston 001C,1,1 car or van in household,206
E01026009,Boston 001C,2,2 cars or vans in household,172
E01026009,Boston 001C,3,3 or more cars or vans in household,94
E01026010,Boston 002A,-8,Does not apply,0
E01026010,Boston 002A,0,No cars or vans in household,288
E01026010,Boston 002A,1,1 car or van in household,321
E01026010,Boston 002A,2,2 cars or vans in household,114
E01026010,Boston 002A,3,3 or more cars or vans in household,28
E01026012,Boston 004A,-8,Does not apply,0
E01026012,Boston 004A,0,No cars or vans in household,121
E01026012,Boston 004A,1,1 car or van in household,263
E01026012,Boston 004A,2,2 cars or vans in household,123
E01026012,Boston 004A,3,3 or more cars or vans in household,29
E01026013,Boston 008A,-8,Does not apply,0
E01026013,Boston 008A,0,No cars or vans in household,58
E01026013,Boston 008A,1,1 car or van in household,275
E01026013,Boston 008A,2,2 cars or vans in household,199
E01026013,Boston 008A,3,3 or more cars or vans in household,87
E01026014,Boston 008B,-8,Does not apply,0
E01026014,Boston 008B,0,No cars or vans in household,76
E01026014,Boston 008B,1,1 car or van in household,314
E01026014,Boston 008B,2,2 cars or vans in household,275
E01026014,Boston 008B,3,3 or more cars or vans in household,117
E01026015,Boston 004B,-8,Does not apply,0
E01026015,Boston 004B,0,No cars or vans in household,85
E01026015,Boston 004B,1,1 car or van in household,341
E01026015,Boston 004B,2,2 cars or vans in household,209
E01026015,Boston 004B,3,3 or more cars or vans in household,64
E01026016,Boston 006A,-8,Does not apply,0
E01026016,Boston 006A,0,No cars or vans in household,96
E01026016,Boston 006A,1,1 car or van in household,402
E01026016,Boston 006A,2,2 cars or vans in household,365
E01026016,Boston 006A,3,3 or more cars or vans in household,168
E01026017,Boston 007A,-8,Does not apply,0
E01026017,Boston 007A,0,No cars or vans in household,59
E01026017,Boston 007A,1,1 car or van in household,277
E01026017,Boston 007A,2,2 cars or vans in household,239
E01026017,Boston 007A,3,3 or more cars or vans in household,125
E01026018,Boston 007B,-8,Does not apply,0
E01026018,Boston 007B,0,No cars or vans in household,66
E01026018,Boston 007B,1,1 car or van in household,269
E01026018,Boston 007B,2,2 cars or vans in household,262
E01026018,Boston 007B,3,3 or more cars or vans in household,139
E01026019,Boston 007C,-8,Does not apply,0
E01026019,Boston 007C,0,No cars or vans in household,217
E01026019,Boston 007C,1,1 car or van in household,522
E01026019,Boston 007C,2,2 cars or vans in household,313
E01026019,Boston 007C,3,3 or more cars or vans in household,102
E01026020,Boston 007D,-8,Does not apply,0
E01026020,Boston 007D,0,No cars or vans in household,112
E01026020,Boston 007D,1,1 car or van in household,510
E01026020,Boston 007D,2,2 cars or vans in household,408
E01026020,Boston 007D,3,3 or more cars or vans in household,153
E01026021,Boston 003B,-8,Does not apply,0
E01026021,Boston 003B,0,No cars or vans in household,184
E01026021,Boston 003B,1,1 car or van in household,381
E01026021,Boston 003B,2,2 cars or vans in household,169
E01026021,Boston 003B,3,3 or more cars or vans in household,63
E01026022,Boston 008C,-8,Does not apply,0
E01026022,Boston 008C,0,No cars or vans in household,86
E01026022,Boston 008C,1,1 car or van in household,408
E01026022,Boston 008C,2,2 cars or vans in household,289
E01026022,Boston 008C,3,3 or more cars or vans in household,132
E01026023,Boston 001D,-8,Does not apply,0
E01026023,Boston 001D,0,No cars or vans in household,58
E01026023,Boston 001D,1,1 car or van in household,226
E01026023,Boston 001D,2,2 cars or vans in household,213
E01026023,Boston 001D,3,3 or more cars or vans in household,105
E01026024,Boston 001E,-8,Does not apply,0
E01026024,Boston 001E,0,No cars or vans in household,87
E01026024,Boston 001E,1,1 car or van in household,381
E01026024,Boston 001E,2,2 cars or vans in household,288
E01026024,Boston 001E,3,3 or more cars or vans in household,168
E01026025,Boston 003C,-8,Does not apply,0
E01026025,Boston 003C,0,No cars or vans in household,426
E01026025,Boston 003C,1,1 car or van in household,449
E01026025,Boston 003C,2,2 cars or vans in household,173
E01026025,Boston 003C,3,3 or more cars or vans in household,38
E01026026,Boston 004C,-8,Does not apply,0
E01026026,Boston 004C,0,No cars or vans in household,245
E01026026,Boston 004C,1,1 car or van in household,393
E01026026,Boston 004C,2,2 cars or vans in household,199
E01026026,Boston 004C,3,3 or more cars or vans in household,63
E01026027,Boston 004D,-8,Does not apply,0
E01026027,Boston 004D,0,No cars or vans in household,137
E01026027,Boston 004D,1,1 car or van in household,358
E01026027,Boston 004D,2,2 cars or vans in household,204
E01026027,Boston 004D,3,3 or more cars or vans in household,52
E01026028,Boston 004E,-8,Does not apply,0
E01026028,Boston 004E,0,No cars or vans in household,296
E01026028,Boston 004E,1,1 car or van in household,346
E01026028,Boston 004E,2,2 cars or vans in household,155
E01026028,Boston 004E,3,3 or more cars or vans in household,58
E01026030,Boston 002C,-8,Does not apply,0
E01026030,Boston 002C,0,No cars or vans in household,470
E01026030,Boston 002C,1,1 car or van in household,451
E01026030,Boston 002C,2,2 cars or vans in household,155
E01026030,Boston 002C,3,3 or more cars or vans in household,47
E01026031,Boston 009B,-8,Does not apply,0
E01026031,Boston 009B,0,No cars or vans in household,117
E01026031,Boston 009B,1,1 car or van in household,323
E01026031,Boston 009B,2,2 cars or vans in household,197
E01026031,Boston 009B,3,3 or more cars or vans in household,62
E01026032,Boston 002D,-8,Does not apply,0
E01026032,Boston 002D,0,No cars or vans in household,279
E01026032,Boston 002D,1,1 car or van in household,319
E01026032,Boston 002D,2,2 cars or vans in household,125
E01026032,Boston 002D,3,3 or more cars or vans in household,49
E01026033,Boston 006B,-8,Does not apply,0
E01026033,Boston 006B,0,No cars or vans in household,71
E01026033,Boston 006B,1,1 car or van in household,359
E01026033,Boston 006B,2,2 cars or vans in household,365
E01026033,Boston 006B,3,3 or more cars or vans in household,210
E01026034,Boston 006C,-8,Does not apply,0
E01026034,Boston 006C,0,No cars or vans in household,93
E01026034,Boston 006C,1,1 car or van in household,380
E01026034,Boston 006C,2,2 cars or vans in household,261
E01026034,Boston 006C,3,3 or more cars or vans in household,107
E01026035,Boston 009C,-8,Does not apply,0
E01026035,Boston 009C,0,No cars or vans in household,94
E01026035,Boston 009C,1,1 car or van in household,444
E01026035,Boston 009C,2,2 cars or vans in household,378
E01026035,Boston 009C,3,3 or more cars or vans in household,156
E01026036,Boston 003D,-8,Does not apply,0
E01026036,Boston 003D,0,No cars or vans in household,248
E01026036,Boston 003D,1,1 car or van in household,270
E01026036,Boston 003D,2,2 cars or vans in household,101
E01026036,Boston 003D,3,3 or more cars or vans in household,31
E01026037,Boston 002E,-8,Does not apply,0
E01026037,Boston 002E,0,No cars or vans in household,232
E01026037,Boston 002E,1,1 car or van in household,320
E01026037,Boston 002E,2,2 cars or vans in household,120
E01026037,Boston 002E,3,3 or more cars or vans in household,19
E01026038,Boston 008D,-8,Does not apply,0
E01026038,Boston 008D,0,No cars or vans in household,95
E01026038,Boston 008D,1,1 car or van in household,306
E01026038,Boston 008D,2,2 cars or vans in household,197
E01026038,Boston 008D,3,3 or more cars or vans in household,58
E01026039,Boston 009D,-8,Does not apply,0
E01026039,Boston 009D,0,No cars or vans in household,37
E01026039,Boston 009D,1,1 car or van in household,220
E01026039,Boston 009D,2,2 cars or vans in household,186
E01026039,Boston 009D,3,3 or more cars or vans in household,68
E01026040,Boston 008E,-8,Does not apply,0
E01026040,Boston 008E,0,No cars or vans in household,60
E01026040,Boston 008E,1,1 car or van in household,280
E01026040,Boston 008E,2,2 cars or vans in household,237
E01026040,Boston 008E,3,3 or more cars or vans in household,100
E01026041,Boston 007E,-8,Does not apply,0
E01026041,Boston 007E,0,No cars or vans in household,173
E01026041,Boston 007E,1,1 car or van in household,262
E01026041,Boston 007E,2,2 cars or vans in household,136
E01026041,Boston 007E,3,3 or more cars or vans in household,42
E01026042,East Lindsey 008A,-8,Does not apply,0
E01026042,East Lindsey 008A,0,No cars or vans in household,158
E01026042,East Lindsey 008A,1,1 car or van in household,372
E01026042,East Lindsey 008A,2,2 cars or vans in household,182
E01026042,East Lindsey 008A,3,3 or more cars or vans in household,59
E01026043,East Lindsey 008B,-8,Does not apply,0
E01026043,East Lindsey 008B,0,No cars or vans in household,104
E01026043,East Lindsey 008B,1,1 car or van in household,422
E01026043,East Lindsey 008B,2,2 cars or vans in household,227
E01026043,East Lindsey 008B,3,3 or more cars or vans in household,59
E01026044,East Lindsey 008C,-8,Does not apply,0
E01026044,East Lindsey 008C,0,No cars or vans in household,57
E01026044,East Lindsey 008C,1,1 car or van in household,257
E01026044,East Lindsey 008C,2,2 cars or vans in household,205
E01026044,East Lindsey 008C,3,3 or more cars or vans in household,95
E01026045,East Lindsey 001A,-8,Does not apply,0
E01026045,East Lindsey 001A,0,No cars or vans in household,92
E01026045,East Lindsey 001A,1,1 car or van in household,361
E01026045,East Lindsey 001A,2,2 cars or vans in household,287
E01026045,East Lindsey 001A,3,3 or more cars or vans in household,142
E01026046,East Lindsey 013A,-8,Does not apply,0
E01026046,East Lindsey 013A,0,No cars or vans in household,91
E01026046,East Lindsey 013A,1,1 car or van in household,262
E01026046,East Lindsey 013A,2,2 cars or vans in household,168
E01026046,East Lindsey 013A,3,3 or more cars or vans in household,77
E01026047,East Lindsey 013B,-8,Does not apply,0
E01026047,East Lindsey 013B,0,No cars or vans in household,60
E01026047,East Lindsey 013B,1,1 car or van in household,326
E01026047,East Lindsey 013B,2,2 cars or vans in household,161
E01026047,East Lindsey 013B,3,3 or more cars or vans in household,75
E01026048,East Lindsey 010A,-8,Does not apply,0
E01026048,East Lindsey 010A,0,No cars or vans in household,198
E01026048,East Lindsey 010A,1,1 car or van in household,406
E01026048,East Lindsey 010A,2,2 cars or vans in household,138
E01026048,East Lindsey 010A,3,3 or more cars or vans in household,41
E01026049,East Lindsey 010B,-8,Does not apply,0
E01026049,East Lindsey 010B,0,No cars or vans in household,92
E01026049,East Lindsey 010B,1,1 car or van in household,357
E01026049,East Lindsey 010B,2,2 cars or vans in household,201
E01026049,East Lindsey 010B,3,3 or more cars or vans in household,100
E01026050,East Lindsey 010C,-8,Does not apply,0
E01026050,East Lindsey 010C,0,No cars or vans in household,142
E01026050,East Lindsey 010C,1,1 car or van in household,446
E01026050,East Lindsey 010C,2,2 cars or vans in household,177
E01026050,East Lindsey 010C,3,3 or more cars or vans in household,51
E01026051,East Lindsey 016A,-8,Does not apply,0
E01026051,East Lindsey 016A,0,No cars or vans in household,47
E01026051,East Lindsey 016A,1,1 car or van in household,269
E01026051,East Lindsey 016A,2,2 cars or vans in household,205
E01026051,East Lindsey 016A,3,3 or more cars or vans in household,90
E01026052,East Lindsey 016B,-8,Does not apply,0
E01026052,East Lindsey 016B,0,No cars or vans in household,90
E01026052,East Lindsey 016B,1,1 car or van in household,460
E01026052,East Lindsey 016B,2,2 cars or vans in household,229
E01026052,East Lindsey 016B,3,3 or more cars or vans in household,65
E01026053,East Lindsey 016C,-8,Does not apply,0
E01026053,East Lindsey 016C,0,No cars or vans in household,59
E01026053,East Lindsey 016C,1,1 car or van in household,340
E01026053,East Lindsey 016C,2,2 cars or vans in household,288
E01026053,East Lindsey 016C,3,3 or more cars or vans in household,92
E01026054,East Lindsey 016D,-8,Does not apply,0
E01026054,East Lindsey 016D,0,No cars or vans in household,128
E01026054,East Lindsey 016D,1,1 car or van in household,345
E01026054,East Lindsey 016D,2,2 cars or vans in household,172
E01026054,East Lindsey 016D,3,3 or more cars or vans in household,68
E01026055,East Lindsey 013C,-8,Does not apply,0
E01026055,East Lindsey 013C,0,No cars or vans in household,28
E01026055,East Lindsey 013C,1,1 car or van in household,168
E01026055,East Lindsey 013C,2,2 cars or vans in household,193
E01026055,East Lindsey 013C,3,3 or more cars or vans in household,103
E01026056,East Lindsey 017A,-8,Does not apply,0
E01026056,East Lindsey 017A,0,No cars or vans in household,31
E01026056,East Lindsey 017A,1,1 car or van in household,175
E01026056,East Lindsey 017A,2,2 cars or vans in household,202
E01026056,East Lindsey 017A,3,3 or more cars or vans in household,114
E01026057,East Lindsey 018A,-8,Does not apply,0
E01026057,East Lindsey 018A,0,No cars or vans in household,75
E01026057,East Lindsey 018A,1,1 car or van in household,276
E01026057,East Lindsey 018A,2,2 cars or vans in household,335
E01026057,East Lindsey 018A,3,3 or more cars or vans in household,179
E01026058,East Lindsey 002A,-8,Does not apply,0
E01026058,East Lindsey 002A,0,No cars or vans in household,82
E01026058,East Lindsey 002A,1,1 car or van in household,389
E01026058,East Lindsey 002A,2,2 cars or vans in household,379
E01026058,East Lindsey 002A,3,3 or more cars or vans in household,166
E01026059,East Lindsey 013D,-8,Does not apply,0
E01026059,East Lindsey 013D,0,No cars or vans in household,38
E01026059,East Lindsey 013D,1,1 car or van in household,182
E01026059,East Lindsey 013D,2,2 cars or vans in household,175
E01026059,East Lindsey 013D,3,3 or more cars or vans in household,100
E01026060,East Lindsey 009A,-8,Does not apply,0
E01026060,East Lindsey 009A,0,No cars or vans in household,39
E01026060,East Lindsey 009A,1,1 car or van in household,221
E01026060,East Lindsey 009A,2,2 cars or vans in household,219
E01026060,East Lindsey 009A,3,3 or more cars or vans in household,98
E01026061,East Lindsey 001B,-8,Does not apply,0
E01026061,East Lindsey 001B,0,No cars or vans in household,36
E01026061,East Lindsey 001B,1,1 car or van in household,218
E01026061,East Lindsey 001B,2,2 cars or vans in household,180
E01026061,East Lindsey 001B,3,3 or more cars or vans in household,67
E01026062,East Lindsey 001C,-8,Does not apply,0
E01026062,East Lindsey 001C,0,No cars or vans in household,57
E01026062,East Lindsey 001C,1,1 car or van in household,232
E01026062,East Lindsey 001C,2,2 cars or vans in household,170
E01026062,East Lindsey 001C,3,3 or more cars or vans in household,61
E01026063,East Lindsey 001D,-8,Does not apply,0
E01026063,East Lindsey 001D,0,No cars or vans in household,58
E01026063,East Lindsey 001D,1,1 car or van in household,289
E01026063,East Lindsey 001D,2,2 cars or vans in household,264
E01026063,East Lindsey 001D,3,3 or more cars or vans in household,78
E01026064,East Lindsey 011A,-8,Does not apply,0
E01026064,East Lindsey 011A,0,No cars or vans in household,166
E01026064,East Lindsey 011A,1,1 car or van in household,311
E01026064,East Lindsey 011A,2,2 cars or vans in household,182
E01026064,East Lindsey 011A,3,3 or more cars or vans in household,52
E01026065,East Lindsey 011B,-8,Does not apply,0
E01026065,East Lindsey 011B,0,No cars or vans in household,107
E01026065,East Lindsey 011B,1,1 car or van in household,425
E01026065,East Lindsey 011B,2,2 cars or vans in household,267
E01026065,East Lindsey 011B,3,3 or more cars or vans in household,90
E01026066,East Lindsey 011C,-8,Does not apply,0
E01026066,East Lindsey 011C,0,No cars or vans in household,109
E01026066,East Lindsey 011C,1,1 car or van in household,437
E01026066,East Lindsey 011C,2,2 cars or vans in household,307
E01026066,East Lindsey 011C,3,3 or more cars or vans in household,113
E01026067,East Lindsey 011D,-8,Does not apply,0
E01026067,East Lindsey 011D,0,No cars or vans in household,242
E01026067,East Lindsey 011D,1,1 car or van in household,471
E01026067,East Lindsey 011D,2,2 cars or vans in household,211
E01026067,East Lindsey 011D,3,3 or more cars or vans in household,49
E01026068,East Lindsey 009B,-8,Does not apply,0
E01026068,East Lindsey 009B,0,No cars or vans in household,73
E01026068,East Lindsey 009B,1,1 car or van in household,358
E01026068,East Lindsey 009B,2,2 cars or vans in household,334
E01026068,East Lindsey 009B,3,3 or more cars or vans in household,180
E01026069,East Lindsey 010D,-8,Does not apply,0
E01026069,East Lindsey 010D,0,No cars or vans in household,282
E01026069,East Lindsey 010D,1,1 car or van in household,533
E01026069,East Lindsey 010D,2,2 cars or vans in household,175
E01026069,East Lindsey 010D,3,3 or more cars or vans in household,70
E01026070,East Lindsey 009C,-8,Does not apply,0
E01026070,East Lindsey 009C,0,No cars or vans in household,76
E01026070,East Lindsey 009C,1,1 car or van in household,318
E01026070,East Lindsey 009C,2,2 cars or vans in household,373
E01026070,East Lindsey 009C,3,3 or more cars or vans in household,182
E01026071,East Lindsey 007A,-8,Does not apply,0
E01026071,East Lindsey 007A,0,No cars or vans in household,36
E01026071,East Lindsey 007A,1,1 car or van in household,382
E01026071,East Lindsey 007A,2,2 cars or vans in household,331
E01026071,East Lindsey 007A,3,3 or more cars or vans in household,204
E01026072,East Lindsey 005A,-8,Does not apply,0
E01026072,East Lindsey 005A,0,No cars or vans in household,256
E01026072,East Lindsey 005A,1,1 car or van in household,495
E01026072,East Lindsey 005A,2,2 cars or vans in household,195
E01026072,East Lindsey 005A,3,3 or more cars or vans in household,66
E01026073,East Lindsey 005B,-8,Does not apply,0
E01026073,East Lindsey 005B,0,No cars or vans in household,315
E01026073,East Lindsey 005B,1,1 car or van in household,455
E01026073,East Lindsey 005B,2,2 cars or vans in household,142
E01026073,East Lindsey 005B,3,3 or more cars or vans in household,46
E01026074,East Lindsey 005C,-8,Does not apply,0
E01026074,East Lindsey 005C,0,No cars or vans in household,207
E01026074,East Lindsey 005C,1,1 car or van in household,583
E01026074,East Lindsey 005C,2,2 cars or vans in household,211
E01026074,East Lindsey 005C,3,3 or more cars or vans in household,55
E01026075,East Lindsey 018B,-8,Does not apply,0
E01026075,East Lindsey 018B,0,No cars or vans in household,69
E01026075,East Lindsey 018B,1,1 car or van in household,372
E01026075,East Lindsey 018B,2,2 cars or vans in household,344
E01026075,East Lindsey 018B,3,3 or more cars or vans in household,170
E01026076,East Lindsey 002B,-8,Does not apply,0
E01026076,East Lindsey 002B,0,No cars or vans in household,66
E01026076,East Lindsey 002B,1,1 car or van in household,346
E01026076,East Lindsey 002B,2,2 cars or vans in household,364
E01026076,East Lindsey 002B,3,3 or more cars or vans in household,198
E01026077,East Lindsey 003A,-8,Does not apply,0
E01026077,East Lindsey 003A,0,No cars or vans in household,118
E01026077,East Lindsey 003A,1,1 car or van in household,261
E01026077,East Lindsey 003A,2,2 cars or vans in household,204
E01026077,East Lindsey 003A,3,3 or more cars or vans in household,67
E01026078,East Lindsey 003B,-8,Does not apply,0
E01026078,East Lindsey 003B,0,No cars or vans in household,134
E01026078,East Lindsey 003B,1,1 car or van in household,213
E01026078,East Lindsey 003B,2,2 cars or vans in household,97
E01026078,East Lindsey 003B,3,3 or more cars or vans in household,32
E01026079,East Lindsey 002C,-8,Does not apply,0
E01026079,East Lindsey 002C,0,No cars or vans in household,95
E01026079,East Lindsey 002C,1,1 car or van in household,382
E01026079,East Lindsey 002C,2,2 cars or vans in household,259
E01026079,East Lindsey 002C,3,3 or more cars or vans in household,128
E01026080,East Lindsey 001E,-8,Does not apply,0
E01026080,East Lindsey 001E,0,No cars or vans in household,84
E01026080,East Lindsey 001E,1,1 car or van in household,324
E01026080,East Lindsey 001E,2,2 cars or vans in household,350
E01026080,East Lindsey 001E,3,3 or more cars or vans in household,146
E01026081,East Lindsey 004A,-8,Does not apply,0
E01026081,East Lindsey 004A,0,No cars or vans in household,329
E01026081,East Lindsey 004A,1,1 car or van in household,573
E01026081,East Lindsey 004A,2,2 cars or vans in household,228
E01026081,East Lindsey 004A,3,3 or more cars or vans in household,61
E01026082,East Lindsey 007B,-8,Does not apply,0
E01026082,East Lindsey 007B,0,No cars or vans in household,70
E01026082,East Lindsey 007B,1,1 car or van in household,404
E01026082,East Lindsey 007B,2,2 cars or vans in household,352
E01026082,East Lindsey 007B,3,3 or more cars or vans in household,209
E01026083,East Lindsey 015A,-8,Does not apply,0
E01026083,East Lindsey 015A,0,No cars or vans in household,329
E01026083,East Lindsey 015A,1,1 car or van in household,315
E01026083,East Lindsey 015A,2,2 cars or vans in household,102
E01026083,East Lindsey 015A,3,3 or more cars or vans in household,38
E01026084,East Lindsey 012A,-8,Does not apply,0
E01026084,East Lindsey 012A,0,No cars or vans in household,212
E01026084,East Lindsey 012A,1,1 car or van in household,306
E01026084,East Lindsey 012A,2,2 cars or vans in household,152
E01026084,East Lindsey 012A,3,3 or more cars or vans in household,43
E01026087,East Lindsey 003C,-8,Does not apply,0
E01026087,East Lindsey 003C,0,No cars or vans in household,142
E01026087,East Lindsey 003C,1,1 car or van in household,263
E01026087,East Lindsey 003C,2,2 cars or vans in household,181
E01026087,East Lindsey 003C,3,3 or more cars or vans in household,42
E01026088,East Lindsey 003D,-8,Does not apply,0
E01026088,East Lindsey 003D,0,No cars or vans in household,78
E01026088,East Lindsey 003D,1,1 car or van in household,290
E01026088,East Lindsey 003D,2,2 cars or vans in household,187
E01026088,East Lindsey 003D,3,3 or more cars or vans in household,67
E01026089,East Lindsey 004C,-8,Does not apply,0
E01026089,East Lindsey 004C,0,No cars or vans in household,163
E01026089,East Lindsey 004C,1,1 car or van in household,479
E01026089,East Lindsey 004C,2,2 cars or vans in household,257
E01026089,East Lindsey 004C,3,3 or more cars or vans in household,95
E01026090,East Lindsey 003E,-8,Does not apply,0
E01026090,East Lindsey 003E,0,No cars or vans in household,124
E01026090,East Lindsey 003E,1,1 car or van in household,288
E01026090,East Lindsey 003E,2,2 cars or vans in household,168
E01026090,East Lindsey 003E,3,3 or more cars or vans in household,43
E01026091,East Lindsey 003F,-8,Does not apply,0
E01026091,East Lindsey 003F,0,No cars or vans in household,55
E01026091,East Lindsey 003F,1,1 car or van in household,213
E01026091,East Lindsey 003F,2,2 cars or vans in household,172
E01026091,East Lindsey 003F,3,3 or more cars or vans in household,58
E01026092,East Lindsey 014A,-8,Does not apply,0
E01026092,East Lindsey 014A,0,No cars or vans in household,241
E01026092,East Lindsey 014A,1,1 car or van in household,286
E01026092,East Lindsey 014A,2,2 cars or vans in household,85
E01026092,East Lindsey 014A,3,3 or more cars or vans in household,34
E01026093,East Lindsey 014B,-8,Does not apply,0
E01026093,East Lindsey 014B,0,No cars or vans in household,452
E01026093,East Lindsey 014B,1,1 car or van in household,335
E01026093,East Lindsey 014B,2,2 cars or vans in household,98
E01026093,East Lindsey 014B,3,3 or more cars or vans in household,34
E01026094,East Lindsey 015B,-8,Does not apply,0
E01026094,East Lindsey 015B,0,No cars or vans in household,345
E01026094,East Lindsey 015B,1,1 car or van in household,524
E01026094,East Lindsey 015B,2,2 cars or vans in household,153
E01026094,East Lindsey 015B,3,3 or more cars or vans in household,45
E01026095,East Lindsey 014C,-8,Does not apply,0
E01026095,East Lindsey 014C,0,No cars or vans in household,183
E01026095,East Lindsey 014C,1,1 car or van in household,260
E01026095,East Lindsey 014C,2,2 cars or vans in household,117
E01026095,East Lindsey 014C,3,3 or more cars or vans in household,35
E01026096,East Lindsey 015C,-8,Does not apply,0
E01026096,East Lindsey 015C,0,No cars or vans in household,69
E01026096,East Lindsey 015C,1,1 car or van in household,245
E01026096,East Lindsey 015C,2,2 cars or vans in household,209
E01026096,East Lindsey 015C,3,3 or more cars or vans in household,99
E01026097,East Lindsey 015D,-8,Does not apply,0
E01026097,East Lindsey 015D,0,No cars or vans in household,269
E01026097,East Lindsey 015D,1,1 car or van in household,315
E01026097,East Lindsey 015D,2,2 cars or vans in household,126
E01026097,East Lindsey 015D,3,3 or more cars or vans in household,42
E01026098,East Lindsey 018C,-8,Does not apply,0
E01026098,East Lindsey 018C,0,No cars or vans in household,111
E01026098,East Lindsey 018C,1,1 car or van in household,294
E01026098,East Lindsey 018C,2,2 cars or vans in household,323
E01026098,East Lindsey 018C,3,3 or more cars or vans in household,173
E01026099,East Lindsey 005D,-8,Does not apply,0
E01026099,East Lindsey 005D,0,No cars or vans in household,66
E01026099,East Lindsey 005D,1,1 car or van in household,367
E01026099,East Lindsey 005D,2,2 cars or vans in household,314
E01026099,East Lindsey 005D,3,3 or more cars or vans in household,157
E01026100,East Lindsey 013E,-8,Does not apply,0
E01026100,East Lindsey 013E,0,No cars or vans in household,130
E01026100,East Lindsey 013E,1,1 car or van in household,415
E01026100,East Lindsey 013E,2,2 cars or vans in household,217
E01026100,East Lindsey 013E,3,3 or more cars or vans in household,84
E01026101,East Lindsey 013F,-8,Does not apply,0
E01026101,East Lindsey 013F,0,No cars or vans in household,161
E01026101,East Lindsey 013F,1,1 car or van in household,290
E01026101,East Lindsey 013F,2,2 cars or vans in household,118
E01026101,East Lindsey 013F,3,3 or more cars or vans in household,47
E01026102,East Lindsey 018D,-8,Does not apply,0
E01026102,East Lindsey 018D,0,No cars or vans in household,79
E01026102,East Lindsey 018D,1,1 car or van in household,366
E01026102,East Lindsey 018D,2,2 cars or vans in household,355
E01026102,East Lindsey 018D,3,3 or more cars or vans in household,193
E01026103,East Lindsey 006A,-8,Does not apply,0
E01026103,East Lindsey 006A,0,No cars or vans in household,203
E01026103,East Lindsey 006A,1,1 car or van in household,549
E01026103,East Lindsey 006A,2,2 cars or vans in household,186
E01026103,East Lindsey 006A,3,3 or more cars or vans in household,66
E01026104,East Lindsey 006B,-8,Does not apply,0
E01026104,East Lindsey 006B,0,No cars or vans in household,137
E01026104,East Lindsey 006B,1,1 car or van in household,587
E01026104,East Lindsey 006B,2,2 cars or vans in household,269
E01026104,East Lindsey 006B,3,3 or more cars or vans in household,81
E01026105,East Lindsey 009D,-8,Does not apply,0
E01026105,East Lindsey 009D,0,No cars or vans in household,53
E01026105,East Lindsey 009D,1,1 car or van in household,353
E01026105,East Lindsey 009D,2,2 cars or vans in household,405
E01026105,East Lindsey 009D,3,3 or more cars or vans in household,182
E01026106,East Lindsey 001F,-8,Does not apply,0
E01026106,East Lindsey 001F,0,No cars or vans in household,35
E01026106,East Lindsey 001F,1,1 car or van in household,207
E01026106,East Lindsey 001F,2,2 cars or vans in household,217
E01026106,East Lindsey 001F,3,3 or more cars or vans in household,72
E01026107,East Lindsey 001G,-8,Does not apply,0
E01026107,East Lindsey 001G,0,No cars or vans in household,26
E01026107,East Lindsey 001G,1,1 car or van in household,173
E01026107,East Lindsey 001G,2,2 cars or vans in household,208
E01026107,East Lindsey 001G,3,3 or more cars or vans in household,94
E01026108,East Lindsey 003G,-8,Does not apply,0
E01026108,East Lindsey 003G,0,No cars or vans in household,256
E01026108,East Lindsey 003G,1,1 car or van in household,504
E01026108,East Lindsey 003G,2,2 cars or vans in household,266
E01026108,East Lindsey 003G,3,3 or more cars or vans in household,75
E01026109,East Lindsey 006C,-8,Does not apply,0
E01026109,East Lindsey 006C,0,No cars or vans in household,226
E01026109,East Lindsey 006C,1,1 car or van in household,626
E01026109,East Lindsey 006C,2,2 cars or vans in household,201
E01026109,East Lindsey 006C,3,3 or more cars or vans in household,63
E01026110,East Lindsey 017B,-8,Does not apply,0
E01026110,East Lindsey 017B,0,No cars or vans in household,90
E01026110,East Lindsey 017B,1,1 car or van in household,324
E01026110,East Lindsey 017B,2,2 cars or vans in household,194
E01026110,East Lindsey 017B,3,3 or more cars or vans in household,84
E01026111,East Lindsey 017C,-8,Does not apply,0
E01026111,East Lindsey 017C,0,No cars or vans in household,65
E01026111,East Lindsey 017C,1,1 car or van in household,272
E01026111,East Lindsey 017C,2,2 cars or vans in household,216
E01026111,East Lindsey 017C,3,3 or more cars or vans in household,115
E01026112,East Lindsey 017D,-8,Does not apply,0
E01026112,East Lindsey 017D,0,No cars or vans in household,123
E01026112,East Lindsey 017D,1,1 car or van in household,227
E01026112,East Lindsey 017D,2,2 cars or vans in household,112
E01026112,East Lindsey 017D,3,3 or more cars or vans in household,39
E01026113,East Lindsey 008D,-8,Does not apply,0
E01026113,East Lindsey 008D,0,No cars or vans in household,72
E01026113,East Lindsey 008D,1,1 car or van in household,365
E01026113,East Lindsey 008D,2,2 cars or vans in household,308
E01026113,East Lindsey 008D,3,3 or more cars or vans in household,174
E01026114,East Lindsey 014D,-8,Does not apply,0
E01026114,East Lindsey 014D,0,No cars or vans in household,313
E01026114,East Lindsey 014D,1,1 car or van in household,316
E01026114,East Lindsey 014D,2,2 cars or vans in household,117
E01026114,East Lindsey 014D,3,3 or more cars or vans in household,38
E01026115,East Lindsey 012C,-8,Does not apply,0
E01026115,East Lindsey 012C,0,No cars or vans in household,232
E01026115,East Lindsey 012C,1,1 car or van in household,406
E01026115,East Lindsey 012C,2,2 cars or vans in household,124
E01026115,East Lindsey 012C,3,3 or more cars or vans in household,53
E01026116,East Lindsey 012D,-8,Does not apply,0
E01026116,East Lindsey 012D,0,No cars or vans in household,139
E01026116,East Lindsey 012D,1,1 car or van in household,351
E01026116,East Lindsey 012D,2,2 cars or vans in household,174
E01026116,East Lindsey 012D,3,3 or more cars or vans in household,62
E01026117,East Lindsey 008E,-8,Does not apply,0
E01026117,East Lindsey 008E,0,No cars or vans in household,65
E01026117,East Lindsey 008E,1,1 car or van in household,337
E01026117,East Lindsey 008E,2,2 cars or vans in household,309
E01026117,East Lindsey 008E,3,3 or more cars or vans in household,160
E01026118,East Lindsey 016E,-8,Does not apply,0
E01026118,East Lindsey 016E,0,No cars or vans in household,89
E01026118,East Lindsey 016E,1,1 car or van in household,384
E01026118,East Lindsey 016E,2,2 cars or vans in household,272
E01026118,East Lindsey 016E,3,3 or more cars or vans in household,107
E01026119,East Lindsey 016F,-8,Does not apply,0
E01026119,East Lindsey 016F,0,No cars or vans in household,35
E01026119,East Lindsey 016F,1,1 car or van in household,211
E01026119,East Lindsey 016F,2,2 cars or vans in household,191
E01026119,East Lindsey 016F,3,3 or more cars or vans in household,76
E01026120,East Lindsey 016G,-8,Does not apply,0
E01026120,East Lindsey 016G,0,No cars or vans in household,140
E01026120,East Lindsey 016G,1,1 car or van in household,318
E01026120,East Lindsey 016G,2,2 cars or vans in household,206
E01026120,East Lindsey 016G,3,3 or more cars or vans in household,72
E01026121,East Lindsey 007C,-8,Does not apply,0
E01026121,East Lindsey 007C,0,No cars or vans in household,132
E01026121,East Lindsey 007C,1,1 car or van in household,508
E01026121,East Lindsey 007C,2,2 cars or vans in household,365
E01026121,East Lindsey 007C,3,3 or more cars or vans in household,151
E01026122,Lincoln 004A,-8,Does not apply,0
E01026122,Lincoln 004A,0,No cars or vans in household,319
E01026122,Lincoln 004A,1,1 car or van in household,316
E01026122,Lincoln 004A,2,2 cars or vans in household,126
E01026122,Lincoln 004A,3,3 or more cars or vans in household,41
E01026123,Lincoln 004B,-8,Does not apply,0
E01026123,Lincoln 004B,0,No cars or vans in household,285
E01026123,Lincoln 004B,1,1 car or van in household,493
E01026123,Lincoln 004B,2,2 cars or vans in household,229
E01026123,Lincoln 004B,3,3 or more cars or vans in household,50
E01026124,Lincoln 004C,-8,Does not apply,0
E01026124,Lincoln 004C,0,No cars or vans in household,271
E01026124,Lincoln 004C,1,1 car or van in household,336
E01026124,Lincoln 004C,2,2 cars or vans in household,116
E01026124,Lincoln 004C,3,3 or more cars or vans in household,26
E01026125,Lincoln 003A,-8,Does not apply,0
E01026125,Lincoln 003A,0,No cars or vans in household,146
E01026125,Lincoln 003A,1,1 car or van in household,251
E01026125,Lincoln 003A,2,2 cars or vans in household,97
E01026125,Lincoln 003A,3,3 or more cars or vans in household,23
E01026126,Lincoln 004D,-8,Does not apply,0
E01026126,Lincoln 004D,0,No cars or vans in household,505
E01026126,Lincoln 004D,1,1 car or van in household,329
E01026126,Lincoln 004D,2,2 cars or vans in household,63
E01026126,Lincoln 004D,3,3 or more cars or vans in household,20
E01026127,Lincoln 007A,-8,Does not apply,0
E01026127,Lincoln 007A,0,No cars or vans in household,248
E01026127,Lincoln 007A,1,1 car or van in household,264
E01026127,Lincoln 007A,2,2 cars or vans in household,98
E01026127,Lincoln 007A,3,3 or more cars or vans in household,23
E01026129,Lincoln 007C,-8,Does not apply,0
E01026129,Lincoln 007C,0,No cars or vans in household,311
E01026129,Lincoln 007C,1,1 car or van in household,286
E01026129,Lincoln 007C,2,2 cars or vans in household,100
E01026129,Lincoln 007C,3,3 or more cars or vans in household,22
E01026130,Lincoln 009A,-8,Does not apply,0
E01026130,Lincoln 009A,0,No cars or vans in household,88
E01026130,Lincoln 009A,1,1 car or van in household,263
E01026130,Lincoln 009A,2,2 cars or vans in household,212
E01026130,Lincoln 009A,3,3 or more cars or vans in household,64
E01026131,Lincoln 007D,-8,Does not apply,0
E01026131,Lincoln 007D,0,No cars or vans in household,136
E01026131,Lincoln 007D,1,1 car or van in household,274
E01026131,Lincoln 007D,2,2 cars or vans in household,142
E01026131,Lincoln 007D,3,3 or more cars or vans in household,50
E01026132,Lincoln 005A,-8,Does not apply,0
E01026132,Lincoln 005A,0,No cars or vans in household,404
E01026132,Lincoln 005A,1,1 car or van in household,308
E01026132,Lincoln 005A,2,2 cars or vans in household,62
E01026132,Lincoln 005A,3,3 or more cars or vans in household,4
E01026134,Lincoln 006A,-8,Does not apply,0
E01026134,Lincoln 006A,0,No cars or vans in household,380
E01026134,Lincoln 006A,1,1 car or van in household,389
E01026134,Lincoln 006A,2,2 cars or vans in household,130
E01026134,Lincoln 006A,3,3 or more cars or vans in household,37
E01026135,Lincoln 008B,-8,Does not apply,0
E01026135,Lincoln 008B,0,No cars or vans in household,107
E01026135,Lincoln 008B,1,1 car or van in household,370
E01026135,Lincoln 008B,2,2 cars or vans in household,216
E01026135,Lincoln 008B,3,3 or more cars or vans in household,65
E01026136,Lincoln 008C,-8,Does not apply,0
E01026136,Lincoln 008C,0,No cars or vans in household,104
E01026136,Lincoln 008C,1,1 car or van in household,383
E01026136,Lincoln 008C,2,2 cars or vans in household,220
E01026136,Lincoln 008C,3,3 or more cars or vans in household,73
E01026137,Lincoln 011A,-8,Does not apply,0
E01026137,Lincoln 011A,0,No cars or vans in household,55
E01026137,Lincoln 011A,1,1 car or van in household,211
E01026137,Lincoln 011A,2,2 cars or vans in household,150
E01026137,Lincoln 011A,3,3 or more cars or vans in household,64
E01026138,Lincoln 011B,-8,Does not apply,0
E01026138,Lincoln 011B,0,No cars or vans in household,76
E01026138,Lincoln 011B,1,1 car or van in household,277
E01026138,Lincoln 011B,2,2 cars or vans in household,212
E01026138,Lincoln 011B,3,3 or more cars or vans in household,59
E01026139,Lincoln 011C,-8,Does not apply,0
E01026139,Lincoln 011C,0,No cars or vans in household,59
E01026139,Lincoln 011C,1,1 car or van in household,245
E01026139,Lincoln 011C,2,2 cars or vans in household,222
E01026139,Lincoln 011C,3,3 or more cars or vans in household,43
E01026140,Lincoln 011D,-8,Does not apply,0
E01026140,Lincoln 011D,0,No cars or vans in household,159
E01026140,Lincoln 011D,1,1 car or van in household,290
E01026140,Lincoln 011D,2,2 cars or vans in household,151
E01026140,Lincoln 011D,3,3 or more cars or vans in household,30
E01026141,Lincoln 011E,-8,Does not apply,0
E01026141,Lincoln 011E,0,No cars or vans in household,62
E01026141,Lincoln 011E,1,1 car or van in household,222
E01026141,Lincoln 011E,2,2 cars or vans in household,215
E01026141,Lincoln 011E,3,3 or more cars or vans in household,99
E01026142,Lincoln 011F,-8,Does not apply,0
E01026142,Lincoln 011F,0,No cars or vans in household,118
E01026142,Lincoln 011F,1,1 car or van in household,219
E01026142,Lincoln 011F,2,2 cars or vans in household,138
E01026142,Lincoln 011F,3,3 or more cars or vans in household,26
E01026144,Lincoln 003B,-8,Does not apply,0
E01026144,Lincoln 003B,0,No cars or vans in household,263
E01026144,Lincoln 003B,1,1 car or van in household,416
E01026144,Lincoln 003B,2,2 cars or vans in household,176
E01026144,Lincoln 003B,3,3 or more cars or vans in household,32
E01026145,Lincoln 005C,-8,Does not apply,0
E01026145,Lincoln 005C,0,No cars or vans in household,156
E01026145,Lincoln 005C,1,1 car or van in household,332
E01026145,Lincoln 005C,2,2 cars or vans in household,133
E01026145,Lincoln 005C,3,3 or more cars or vans in household,36
E01026146,Lincoln 005D,-8,Does not apply,0
E01026146,Lincoln 005D,0,No cars or vans in household,349
E01026146,Lincoln 005D,1,1 car or van in household,260
E01026146,Lincoln 005D,2,2 cars or vans in household,101
E01026146,Lincoln 005D,3,3 or more cars or vans in household,27
E01026147,Lincoln 003C,-8,Does not apply,0
E01026147,Lincoln 003C,0,No cars or vans in household,145
E01026147,Lincoln 003C,1,1 car or van in household,511
E01026147,Lincoln 003C,2,2 cars or vans in household,332
E01026147,Lincoln 003C,3,3 or more cars or vans in household,79
E01026148,Lincoln 003D,-8,Does not apply,0
E01026148,Lincoln 003D,0,No cars or vans in household,363
E01026148,Lincoln 003D,1,1 car or van in household,443
E01026148,Lincoln 003D,2,2 cars or vans in household,132
E01026148,Lincoln 003D,3,3 or more cars or vans in household,36
E01026149,Lincoln 001A,-8,Does not apply,0
E01026149,Lincoln 001A,0,No cars or vans in household,244
E01026149,Lincoln 001A,1,1 car or van in household,345
E01026149,Lincoln 001A,2,2 cars or vans in household,158
E01026149,Lincoln 001A,3,3 or more cars or vans in household,34
E01026150,Lincoln 001B,-8,Does not apply,0
E01026150,Lincoln 001B,0,No cars or vans in household,320
E01026150,Lincoln 001B,1,1 car or van in household,389
E01026150,Lincoln 001B,2,2 cars or vans in household,119
E01026150,Lincoln 001B,3,3 or more cars or vans in household,31
E01026151,Lincoln 003E,-8,Does not apply,0
E01026151,Lincoln 003E,0,No cars or vans in household,239
E01026151,Lincoln 003E,1,1 car or van in household,449
E01026151,Lincoln 003E,2,2 cars or vans in household,225
E01026151,Lincoln 003E,3,3 or more cars or vans in household,53
E01026152,Lincoln 004E,-8,Does not apply,0
E01026152,Lincoln 004E,0,No cars or vans in household,233
E01026152,Lincoln 004E,1,1 car or van in household,236
E01026152,Lincoln 004E,2,2 cars or vans in household,85
E01026152,Lincoln 004E,3,3 or more cars or vans in household,15
E01026153,Lincoln 002A,-8,Does not apply,0
E01026153,Lincoln 002A,0,No cars or vans in household,189
E01026153,Lincoln 002A,1,1 car or van in household,502
E01026153,Lincoln 002A,2,2 cars or vans in household,321
E01026153,Lincoln 002A,3,3 or more cars or vans in household,86
E01026154,Lincoln 004F,-8,Does not apply,0
E01026154,Lincoln 004F,0,No cars or vans in household,132
E01026154,Lincoln 004F,1,1 car or van in household,247
E01026154,Lincoln 004F,2,2 cars or vans in household,123
E01026154,Lincoln 004F,3,3 or more cars or vans in household,27
E01026155,Lincoln 002B,-8,Does not apply,0
E01026155,Lincoln 002B,0,No cars or vans in household,81
E01026155,Lincoln 002B,1,1 car or van in household,418
E01026155,Lincoln 002B,2,2 cars or vans in household,254
E01026155,Lincoln 002B,3,3 or more cars or vans in household,58
E01026156,Lincoln 004G,-8,Does not apply,0
E01026156,Lincoln 004G,0,No cars or vans in household,135
E01026156,Lincoln 004G,1,1 car or van in household,198
E01026156,Lincoln 004G,2,2 cars or vans in household,125
E01026156,Lincoln 004G,3,3 or more cars or vans in household,28
E01026157,Lincoln 002C,-8,Does not apply,0
E01026157,Lincoln 002C,0,No cars or vans in household,178
E01026157,Lincoln 002C,1,1 car or van in household,352
E01026157,Lincoln 002C,2,2 cars or vans in household,93
E01026157,Lincoln 002C,3,3 or more cars or vans in household,16
E01026158,Lincoln 009B,-8,Does not apply,0
E01026158,Lincoln 009B,0,No cars or vans in household,98
E01026158,Lincoln 009B,1,1 car or van in household,326
E01026158,Lincoln 009B,2,2 cars or vans in household,176
E01026158,Lincoln 009B,3,3 or more cars or vans in household,59
E01026159,Lincoln 009C,-8,Does not apply,0
E01026159,Lincoln 009C,0,No cars or vans in household,112
E01026159,Lincoln 009C,1,1 car or van in household,322
E01026159,Lincoln 009C,2,2 cars or vans in household,176
E01026159,Lincoln 009C,3,3 or more cars or vans in household,50
E01026160,Lincoln 009D,-8,Does not apply,0
E01026160,Lincoln 009D,0,No cars or vans in household,64
E01026160,Lincoln 009D,1,1 car or van in household,299
E01026160,Lincoln 009D,2,2 cars or vans in household,182
E01026160,Lincoln 009D,3,3 or more cars or vans in household,67
E01026161,Lincoln 010A,-8,Does not apply,0
E01026161,Lincoln 010A,0,No cars or vans in household,237
E01026161,Lincoln 010A,1,1 car or van in household,290
E01026161,Lincoln 010A,2,2 cars or vans in household,100
E01026161,Lincoln 010A,3,3 or more cars or vans in household,32
E01026162,Lincoln 009E,-8,Does not apply,0
E01026162,Lincoln 009E,0,No cars or vans in household,115
E01026162,Lincoln 009E,1,1 car or van in household,271
E01026162,Lincoln 009E,2,2 cars or vans in household,195
E01026162,Lincoln 009E,3,3 or more cars or vans in household,58
E01026163,Lincoln 009F,-8,Does not apply,0
E01026163,Lincoln 009F,0,No cars or vans in household,71
E01026163,Lincoln 009F,1,1 car or van in household,292
E01026163,Lincoln 009F,2,2 cars or vans in household,189
E01026163,Lincoln 009F,3,3 or more cars or vans in household,51
E01026164,Lincoln 003F,-8,Does not apply,0
E01026164,Lincoln 003F,0,No cars or vans in household,94
E01026164,Lincoln 003F,1,1 car or van in household,238
E01026164,Lincoln 003F,2,2 cars or vans in household,185
E01026164,Lincoln 003F,3,3 or more cars or vans in household,49
E01026165,Lincoln 002D,-8,Does not apply,0
E01026165,Lincoln 002D,0,No cars or vans in household,297
E01026165,Lincoln 002D,1,1 car or van in household,352
E01026165,Lincoln 002D,2,2 cars or vans in household,148
E01026165,Lincoln 002D,3,3 or more cars or vans in household,34
E01026166,Lincoln 001C,-8,Does not apply,0
E01026166,Lincoln 001C,0,No cars or vans in household,181
E01026166,Lincoln 001C,1,1 car or van in household,289
E01026166,Lincoln 001C,2,2 cars or vans in household,108
E01026166,Lincoln 001C,3,3 or more cars or vans in household,29
E01026167,Lincoln 003G,-8,Does not apply,0
E01026167,Lincoln 003G,0,No cars or vans in household,165
E01026167,Lincoln 003G,1,1 car or van in household,397
E01026167,Lincoln 003G,2,2 cars or vans in household,190
E01026167,Lincoln 003G,3,3 or more cars or vans in household,57
E01026168,Lincoln 001D,-8,Does not apply,0
E01026168,Lincoln 001D,0,No cars or vans in household,261
E01026168,Lincoln 001D,1,1 car or van in household,289
E01026168,Lincoln 001D,2,2 cars or vans in household,114
E01026168,Lincoln 001D,3,3 or more cars or vans in household,32
E01026169,Lincoln 011G,-8,Does not apply,0
E01026169,Lincoln 011G,0,No cars or vans in household,146
E01026169,Lincoln 011G,1,1 car or van in household,322
E01026169,Lincoln 011G,2,2 cars or vans in household,180
E01026169,Lincoln 011G,3,3 or more cars or vans in household,76
E01026170,Lincoln 010B,-8,Does not apply,0
E01026170,Lincoln 010B,0,No cars or vans in household,152
E01026170,Lincoln 010B,1,1 car or van in household,270
E01026170,Lincoln 010B,2,2 cars or vans in household,186
E01026170,Lincoln 010B,3,3 or more cars or vans in household,37
E01026171,Lincoln 011H,-8,Does not apply,0
E01026171,Lincoln 011H,0,No cars or vans in household,102
E01026171,Lincoln 011H,1,1 car or van in household,309
E01026171,Lincoln 011H,2,2 cars or vans in household,222
E01026171,Lincoln 011H,3,3 or more cars or vans in household,64
E01026172,Lincoln 010C,-8,Does not apply,0
E01026172,Lincoln 010C,0,No cars or vans in household,182
E01026172,Lincoln 010C,1,1 car or van in household,296
E01026172,Lincoln 010C,2,2 cars or vans in household,122
E01026172,Lincoln 010C,3,3 or more cars or vans in household,45
E01026173,Lincoln 010D,-8,Does not apply,0
E01026173,Lincoln 010D,0,No cars or vans in household,317
E01026173,Lincoln 010D,1,1 car or van in household,277
E01026173,Lincoln 010D,2,2 cars or vans in household,80
E01026173,Lincoln 010D,3,3 or more cars or vans in household,21
E01026174,Lincoln 008D,-8,Does not apply,0
E01026174,Lincoln 008D,0,No cars or vans in household,192
E01026174,Lincoln 008D,1,1 car or van in household,307
E01026174,Lincoln 008D,2,2 cars or vans in household,126
E01026174,Lincoln 008D,3,3 or more cars or vans in household,32
E01026175,Lincoln 010E,-8,Does not apply,0
E01026175,Lincoln 010E,0,No cars or vans in household,342
E01026175,Lincoln 010E,1,1 car or van in household,429
E01026175,Lincoln 010E,2,2 cars or vans in household,144
E01026175,Lincoln 010E,3,3 or more cars or vans in household,17
E01026176,Lincoln 006B,-8,Does not apply,0
E01026176,Lincoln 006B,0,No cars or vans in household,556
E01026176,Lincoln 006B,1,1 car or van in household,353
E01026176,Lincoln 006B,2,2 cars or vans in household,85
E01026176,Lincoln 006B,3,3 or more cars or vans in household,19
E01026177,Lincoln 006C,-8,Does not apply,0
E01026177,Lincoln 006C,0,No cars or vans in household,348
E01026177,Lincoln 006C,1,1 car or van in household,340
E01026177,Lincoln 006C,2,2 cars or vans in household,99
E01026177,Lincoln 006C,3,3 or more cars or vans in household,30
E01026178,Lincoln 006D,-8,Does not apply,0
E01026178,Lincoln 006D,0,No cars or vans in household,305
E01026178,Lincoln 006D,1,1 car or van in household,349
E01026178,Lincoln 006D,2,2 cars or vans in household,107
E01026178,Lincoln 006D,3,3 or more cars or vans in household,39
E01026179,North Kesteven 008A,-8,Does not apply,0
E01026179,North Kesteven 008A,0,No cars or vans in household,25
E01026179,North Kesteven 008A,1,1 car or van in household,148
E01026179,North Kesteven 008A,2,2 cars or vans in household,176
E01026179,North Kesteven 008A,3,3 or more cars or vans in household,67
E01026180,North Kesteven 007A,-8,Does not apply,0
E01026180,North Kesteven 007A,0,No cars or vans in household,37
E01026180,North Kesteven 007A,1,1 car or van in household,232
E01026180,North Kesteven 007A,2,2 cars or vans in household,233
E01026180,North Kesteven 007A,3,3 or more cars or vans in household,116
E01026182,North Kesteven 003B,-8,Does not apply,0
E01026182,North Kesteven 003B,0,No cars or vans in household,51
E01026182,North Kesteven 003B,1,1 car or van in household,235
E01026182,North Kesteven 003B,2,2 cars or vans in household,241
E01026182,North Kesteven 003B,3,3 or more cars or vans in household,109
E01026183,North Kesteven 007B,-8,Does not apply,0
E01026183,North Kesteven 007B,0,No cars or vans in household,155
E01026183,North Kesteven 007B,1,1 car or van in household,488
E01026183,North Kesteven 007B,2,2 cars or vans in household,388
E01026183,North Kesteven 007B,3,3 or more cars or vans in household,154
E01026184,North Kesteven 004A,-8,Does not apply,0
E01026184,North Kesteven 004A,0,No cars or vans in household,35
E01026184,North Kesteven 004A,1,1 car or van in household,270
E01026184,North Kesteven 004A,2,2 cars or vans in household,238
E01026184,North Kesteven 004A,3,3 or more cars or vans in household,43
E01026185,North Kesteven 004B,-8,Does not apply,0
E01026185,North Kesteven 004B,0,No cars or vans in household,137
E01026185,North Kesteven 004B,1,1 car or van in household,425
E01026185,North Kesteven 004B,2,2 cars or vans in household,322
E01026185,North Kesteven 004B,3,3 or more cars or vans in household,112
E01026186,North Kesteven 001A,-8,Does not apply,0
E01026186,North Kesteven 001A,0,No cars or vans in household,88
E01026186,North Kesteven 001A,1,1 car or van in household,306
E01026186,North Kesteven 001A,2,2 cars or vans in household,266
E01026186,North Kesteven 001A,3,3 or more cars or vans in household,79
E01026187,North Kesteven 001B,-8,Does not apply,0
E01026187,North Kesteven 001B,0,No cars or vans in household,55
E01026187,North Kesteven 001B,1,1 car or van in household,286
E01026187,North Kesteven 001B,2,2 cars or vans in household,320
E01026187,North Kesteven 001B,3,3 or more cars or vans in household,120
E01026188,North Kesteven 004C,-8,Does not apply,0
E01026188,North Kesteven 004C,0,No cars or vans in household,210
E01026188,North Kesteven 004C,1,1 car or van in household,453
E01026188,North Kesteven 004C,2,2 cars or vans in household,294
E01026188,North Kesteven 004C,3,3 or more cars or vans in household,75
E01026189,North Kesteven 001C,-8,Does not apply,0
E01026189,North Kesteven 001C,0,No cars or vans in household,76
E01026189,North Kesteven 001C,1,1 car or van in household,379
E01026189,North Kesteven 001C,2,2 cars or vans in household,283
E01026189,North Kesteven 001C,3,3 or more cars or vans in household,81
E01026190,North Kesteven 004D,-8,Does not apply,0
E01026190,North Kesteven 004D,0,No cars or vans in household,125
E01026190,North Kesteven 004D,1,1 car or van in household,372
E01026190,North Kesteven 004D,2,2 cars or vans in household,245
E01026190,North Kesteven 004D,3,3 or more cars or vans in household,71
E01026191,North Kesteven 005A,-8,Does not apply,0
E01026191,North Kesteven 005A,0,No cars or vans in household,53
E01026191,North Kesteven 005A,1,1 car or van in household,295
E01026191,North Kesteven 005A,2,2 cars or vans in household,338
E01026191,North Kesteven 005A,3,3 or more cars or vans in household,104
E01026192,North Kesteven 006A,-8,Does not apply,0
E01026192,North Kesteven 006A,0,No cars or vans in household,24
E01026192,North Kesteven 006A,1,1 car or van in household,181
E01026192,North Kesteven 006A,2,2 cars or vans in household,209
E01026192,North Kesteven 006A,3,3 or more cars or vans in household,117
E01026193,North Kesteven 003C,-8,Does not apply,0
E01026193,North Kesteven 003C,0,No cars or vans in household,32
E01026193,North Kesteven 003C,1,1 car or van in household,207
E01026193,North Kesteven 003C,2,2 cars or vans in household,272
E01026193,North Kesteven 003C,3,3 or more cars or vans in household,137
E01026194,North Kesteven 006B,-8,Does not apply,0
E01026194,North Kesteven 006B,0,No cars or vans in household,105
E01026194,North Kesteven 006B,1,1 car or van in household,378
E01026194,North Kesteven 006B,2,2 cars or vans in household,326
E01026194,North Kesteven 006B,3,3 or more cars or vans in household,120
E01026195,North Kesteven 006C,-8,Does not apply,0
E01026195,North Kesteven 006C,0,No cars or vans in household,59
E01026195,North Kesteven 006C,1,1 car or van in household,302
E01026195,North Kesteven 006C,2,2 cars or vans in household,324
E01026195,North Kesteven 006C,3,3 or more cars or vans in household,148
E01026196,North Kesteven 006D,-8,Does not apply,0
E01026196,North Kesteven 006D,0,No cars or vans in household,60
E01026196,North Kesteven 006D,1,1 car or van in household,233
E01026196,North Kesteven 006D,2,2 cars or vans in household,256
E01026196,North Kesteven 006D,3,3 or more cars or vans in household,109
E01026197,North Kesteven 008B,-8,Does not apply,0
E01026197,North Kesteven 008B,0,No cars or vans in household,47
E01026197,North Kesteven 008B,1,1 car or van in household,253
E01026197,North Kesteven 008B,2,2 cars or vans in household,250
E01026197,North Kesteven 008B,3,3 or more cars or vans in household,94
E01026198,North Kesteven 008C,-8,Does not apply,0
E01026198,North Kesteven 008C,0,No cars or vans in household,9
E01026198,North Kesteven 008C,1,1 car or van in household,193
E01026198,North Kesteven 008C,2,2 cars or vans in household,213
E01026198,North Kesteven 008C,3,3 or more cars or vans in household,52
E01026199,North Kesteven 003D,-8,Does not apply,0
E01026199,North Kesteven 003D,0,No cars or vans in household,65
E01026199,North Kesteven 003D,1,1 car or van in household,387
E01026199,North Kesteven 003D,2,2 cars or vans in household,396
E01026199,North Kesteven 003D,3,3 or more cars or vans in household,236
E01026200,North Kesteven 012A,-8,Does not apply,0
E01026200,North Kesteven 012A,0,No cars or vans in household,62
E01026200,North Kesteven 012A,1,1 car or van in household,343
E01026200,North Kesteven 012A,2,2 cars or vans in household,303
E01026200,North Kesteven 012A,3,3 or more cars or vans in household,105
E01026201,North Kesteven 012B,-8,Does not apply,0
E01026201,North Kesteven 012B,0,No cars or vans in household,82
E01026201,North Kesteven 012B,1,1 car or van in household,335
E01026201,North Kesteven 012B,2,2 cars or vans in household,315
E01026201,North Kesteven 012B,3,3 or more cars or vans in household,160
E01026202,North Kesteven 012C,-8,Does not apply,0
E01026202,North Kesteven 012C,0,No cars or vans in household,133
E01026202,North Kesteven 012C,1,1 car or van in household,428
E01026202,North Kesteven 012C,2,2 cars or vans in household,251
E01026202,North Kesteven 012C,3,3 or more cars or vans in household,109
E01026203,North Kesteven 001D,-8,Does not apply,0
E01026203,North Kesteven 001D,0,No cars or vans in household,126
E01026203,North Kesteven 001D,1,1 car or van in household,358
E01026203,North Kesteven 001D,2,2 cars or vans in household,287
E01026203,North Kesteven 001D,3,3 or more cars or vans in household,119
E01026204,North Kesteven 001E,-8,Does not apply,0
E01026204,North Kesteven 001E,0,No cars or vans in household,87
E01026204,North Kesteven 001E,1,1 car or van in household,329
E01026204,North Kesteven 001E,2,2 cars or vans in household,253
E01026204,North Kesteven 001E,3,3 or more cars or vans in household,82
E01026205,North Kesteven 005B,-8,Does not apply,0
E01026205,North Kesteven 005B,0,No cars or vans in household,110
E01026205,North Kesteven 005B,1,1 car or van in household,305
E01026205,North Kesteven 005B,2,2 cars or vans in household,240
E01026205,North Kesteven 005B,3,3 or more cars or vans in household,81
E01026206,North Kesteven 001F,-8,Does not apply,0
E01026206,North Kesteven 001F,0,No cars or vans in household,67
E01026206,North Kesteven 001F,1,1 car or van in household,297
E01026206,North Kesteven 001F,2,2 cars or vans in household,298
E01026206,North Kesteven 001F,3,3 or more cars or vans in household,120
E01026207,North Kesteven 012D,-8,Does not apply,0
E01026207,North Kesteven 012D,0,No cars or vans in household,28
E01026207,North Kesteven 012D,1,1 car or van in household,211
E01026207,North Kesteven 012D,2,2 cars or vans in household,209
E01026207,North Kesteven 012D,3,3 or more cars or vans in household,102
E01026208,North Kesteven 012E,-8,Does not apply,0
E01026208,North Kesteven 012E,0,No cars or vans in household,61
E01026208,North Kesteven 012E,1,1 car or van in household,236
E01026208,North Kesteven 012E,2,2 cars or vans in household,246
E01026208,North Kesteven 012E,3,3 or more cars or vans in household,148
E01026209,North Kesteven 009A,-8,Does not apply,0
E01026209,North Kesteven 009A,0,No cars or vans in household,81
E01026209,North Kesteven 009A,1,1 car or van in household,416
E01026209,North Kesteven 009A,2,2 cars or vans in household,328
E01026209,North Kesteven 009A,3,3 or more cars or vans in household,147
E01026210,North Kesteven 007C,-8,Does not apply,0
E01026210,North Kesteven 007C,0,No cars or vans in household,76
E01026210,North Kesteven 007C,1,1 car or van in household,392
E01026210,North Kesteven 007C,2,2 cars or vans in household,370
E01026210,North Kesteven 007C,3,3 or more cars or vans in household,193
E01026211,North Kesteven 005C,-8,Does not apply,0
E01026211,North Kesteven 005C,0,No cars or vans in household,47
E01026211,North Kesteven 005C,1,1 car or van in household,263
E01026211,North Kesteven 005C,2,2 cars or vans in household,390
E01026211,North Kesteven 005C,3,3 or more cars or vans in household,110
E01026212,North Kesteven 005D,-8,Does not apply,0
E01026212,North Kesteven 005D,0,No cars or vans in household,63
E01026212,North Kesteven 005D,1,1 car or van in household,255
E01026212,North Kesteven 005D,2,2 cars or vans in household,237
E01026212,North Kesteven 005D,3,3 or more cars or vans in household,102
E01026213,North Kesteven 005E,-8,Does not apply,0
E01026213,North Kesteven 005E,0,No cars or vans in household,164
E01026213,North Kesteven 005E,1,1 car or van in household,354
E01026213,North Kesteven 005E,2,2 cars or vans in household,218
E01026213,North Kesteven 005E,3,3 or more cars or vans in household,72
E01026214,North Kesteven 014A,-8,Does not apply,0
E01026214,North Kesteven 014A,0,No cars or vans in household,91
E01026214,North Kesteven 014A,1,1 car or van in household,233
E01026214,North Kesteven 014A,2,2 cars or vans in household,149
E01026214,North Kesteven 014A,3,3 or more cars or vans in household,40
E01026215,North Kesteven 014B,-8,Does not apply,0
E01026215,North Kesteven 014B,0,No cars or vans in household,59
E01026215,North Kesteven 014B,1,1 car or van in household,202
E01026215,North Kesteven 014B,2,2 cars or vans in household,150
E01026215,North Kesteven 014B,3,3 or more cars or vans in household,47
E01026218,North Kesteven 014C,-8,Does not apply,0
E01026218,North Kesteven 014C,0,No cars or vans in household,106
E01026218,North Kesteven 014C,1,1 car or van in household,277
E01026218,North Kesteven 014C,2,2 cars or vans in household,140
E01026218,North Kesteven 014C,3,3 or more cars or vans in household,57
E01026219,North Kesteven 014D,-8,Does not apply,0
E01026219,North Kesteven 014D,0,No cars or vans in household,82
E01026219,North Kesteven 014D,1,1 car or van in household,226
E01026219,North Kesteven 014D,2,2 cars or vans in household,145
E01026219,North Kesteven 014D,3,3 or more cars or vans in household,60
E01026220,North Kesteven 013A,-8,Does not apply,0
E01026220,North Kesteven 013A,0,No cars or vans in household,168
E01026220,North Kesteven 013A,1,1 car or van in household,470
E01026220,North Kesteven 013A,2,2 cars or vans in household,301
E01026220,North Kesteven 013A,3,3 or more cars or vans in household,98
E01026221,North Kesteven 009B,-8,Does not apply,0
E01026221,North Kesteven 009B,0,No cars or vans in household,54
E01026221,North Kesteven 009B,1,1 car or van in household,420
E01026221,North Kesteven 009B,2,2 cars or vans in household,408
E01026221,North Kesteven 009B,3,3 or more cars or vans in household,212
E01026222,North Kesteven 009C,-8,Does not apply,0
E01026222,North Kesteven 009C,0,No cars or vans in household,109
E01026222,North Kesteven 009C,1,1 car or van in household,437
E01026222,North Kesteven 009C,2,2 cars or vans in household,229
E01026222,North Kesteven 009C,3,3 or more cars or vans in household,100
E01026223,North Kesteven 008D,-8,Does not apply,0
E01026223,North Kesteven 008D,0,No cars or vans in household,80
E01026223,North Kesteven 008D,1,1 car or van in household,394
E01026223,North Kesteven 008D,2,2 cars or vans in household,311
E01026223,North Kesteven 008D,3,3 or more cars or vans in household,128
E01026224,North Kesteven 007D,-8,Does not apply,0
E01026224,North Kesteven 007D,0,No cars or vans in household,147
E01026224,North Kesteven 007D,1,1 car or van in household,345
E01026224,North Kesteven 007D,2,2 cars or vans in household,223
E01026224,North Kesteven 007D,3,3 or more cars or vans in household,77
E01026225,North Kesteven 003E,-8,Does not apply,0
E01026225,North Kesteven 003E,0,No cars or vans in household,65
E01026225,North Kesteven 003E,1,1 car or van in household,293
E01026225,North Kesteven 003E,2,2 cars or vans in household,279
E01026225,North Kesteven 003E,3,3 or more cars or vans in household,103
E01026226,North Kesteven 003F,-8,Does not apply,0
E01026226,North Kesteven 003F,0,No cars or vans in household,70
E01026226,North Kesteven 003F,1,1 car or van in household,375
E01026226,North Kesteven 003F,2,2 cars or vans in household,282
E01026226,North Kesteven 003F,3,3 or more cars or vans in household,107
E01026227,North Kesteven 010A,-8,Does not apply,0
E01026227,North Kesteven 010A,0,No cars or vans in household,326
E01026227,North Kesteven 010A,1,1 car or van in household,347
E01026227,North Kesteven 010A,2,2 cars or vans in household,116
E01026227,North Kesteven 010A,3,3 or more cars or vans in household,25
E01026228,North Kesteven 011A,-8,Does not apply,0
E01026228,North Kesteven 011A,0,No cars or vans in household,86
E01026228,North Kesteven 011A,1,1 car or van in household,337
E01026228,North Kesteven 011A,2,2 cars or vans in household,234
E01026228,North Kesteven 011A,3,3 or more cars or vans in household,73
E01026229,North Kesteven 011B,-8,Does not apply,0
E01026229,North Kesteven 011B,0,No cars or vans in household,76
E01026229,North Kesteven 011B,1,1 car or van in household,335
E01026229,North Kesteven 011B,2,2 cars or vans in household,266
E01026229,North Kesteven 011B,3,3 or more cars or vans in household,86
E01026230,North Kesteven 010B,-8,Does not apply,0
E01026230,North Kesteven 010B,0,No cars or vans in household,148
E01026230,North Kesteven 010B,1,1 car or van in household,349
E01026230,North Kesteven 010B,2,2 cars or vans in household,205
E01026230,North Kesteven 010B,3,3 or more cars or vans in household,62
E01026231,North Kesteven 010C,-8,Does not apply,0
E01026231,North Kesteven 010C,0,No cars or vans in household,135
E01026231,North Kesteven 010C,1,1 car or van in household,509
E01026231,North Kesteven 010C,2,2 cars or vans in household,411
E01026231,North Kesteven 010C,3,3 or more cars or vans in household,115
E01026232,North Kesteven 010D,-8,Does not apply,0
E01026232,North Kesteven 010D,0,No cars or vans in household,262
E01026232,North Kesteven 010D,1,1 car or van in household,470
E01026232,North Kesteven 010D,2,2 cars or vans in household,227
E01026232,North Kesteven 010D,3,3 or more cars or vans in household,68
E01026233,North Kesteven 011C,-8,Does not apply,0
E01026233,North Kesteven 011C,0,No cars or vans in household,58
E01026233,North Kesteven 011C,1,1 car or van in household,306
E01026233,North Kesteven 011C,2,2 cars or vans in household,264
E01026233,North Kesteven 011C,3,3 or more cars or vans in household,91
E01026235,North Kesteven 010E,-8,Does not apply,0
E01026235,North Kesteven 010E,0,No cars or vans in household,239
E01026235,North Kesteven 010E,1,1 car or van in household,350
E01026235,North Kesteven 010E,2,2 cars or vans in household,138
E01026235,North Kesteven 010E,3,3 or more cars or vans in household,42
E01026236,North Kesteven 011E,-8,Does not apply,0
E01026236,North Kesteven 011E,0,No cars or vans in household,102
E01026236,North Kesteven 011E,1,1 car or van in household,261
E01026236,North Kesteven 011E,2,2 cars or vans in household,126
E01026236,North Kesteven 011E,3,3 or more cars or vans in household,48
E01026237,North Kesteven 004E,-8,Does not apply,0
E01026237,North Kesteven 004E,0,No cars or vans in household,68
E01026237,North Kesteven 004E,1,1 car or van in household,223
E01026237,North Kesteven 004E,2,2 cars or vans in household,159
E01026237,North Kesteven 004E,3,3 or more cars or vans in household,57
E01026238,North Kesteven 004F,-8,Does not apply,0
E01026238,North Kesteven 004F,0,No cars or vans in household,57
E01026238,North Kesteven 004F,1,1 car or van in household,237
E01026238,North Kesteven 004F,2,2 cars or vans in household,258
E01026238,North Kesteven 004F,3,3 or more cars or vans in household,75
E01026239,South Holland 011A,-8,Does not apply,0
E01026239,South Holland 011A,0,No cars or vans in household,109
E01026239,South Holland 011A,1,1 car or van in household,350
E01026239,South Holland 011A,2,2 cars or vans in household,325
E01026239,South Holland 011A,3,3 or more cars or vans in household,134
E01026240,South Holland 011B,-8,Does not apply,0
E01026240,South Holland 011B,0,No cars or vans in household,97
E01026240,South Holland 011B,1,1 car or van in household,426
E01026240,South Holland 011B,2,2 cars or vans in household,442
E01026240,South Holland 011B,3,3 or more cars or vans in household,177
E01026241,South Holland 005A,-8,Does not apply,0
E01026241,South Holland 005A,0,No cars or vans in household,35
E01026241,South Holland 005A,1,1 car or van in household,225
E01026241,South Holland 005A,2,2 cars or vans in household,324
E01026241,South Holland 005A,3,3 or more cars or vans in household,168
E01026242,South Holland 001A,-8,Does not apply,0
E01026242,South Holland 001A,0,No cars or vans in household,72
E01026242,South Holland 001A,1,1 car or van in household,327
E01026242,South Holland 001A,2,2 cars or vans in household,277
E01026242,South Holland 001A,3,3 or more cars or vans in household,104
E01026243,South Holland 001B,-8,Does not apply,0
E01026243,South Holland 001B,0,No cars or vans in household,88
E01026243,South Holland 001B,1,1 car or van in household,262
E01026243,South Holland 001B,2,2 cars or vans in household,163
E01026243,South Holland 001B,3,3 or more cars or vans in household,80
E01026244,South Holland 001C,-8,Does not apply,0
E01026244,South Holland 001C,0,No cars or vans in household,41
E01026244,South Holland 001C,1,1 car or van in household,193
E01026244,South Holland 001C,2,2 cars or vans in household,206
E01026244,South Holland 001C,3,3 or more cars or vans in household,115
E01026245,South Holland 010A,-8,Does not apply,0
E01026245,South Holland 010A,0,No cars or vans in household,102
E01026245,South Holland 010A,1,1 car or van in household,414
E01026245,South Holland 010A,2,2 cars or vans in household,378
E01026245,South Holland 010A,3,3 or more cars or vans in household,183
E01026246,South Holland 002A,-8,Does not apply,0
E01026246,South Holland 002A,0,No cars or vans in household,70
E01026246,South Holland 002A,1,1 car or van in household,368
E01026246,South Holland 002A,2,2 cars or vans in household,352
E01026246,South Holland 002A,3,3 or more cars or vans in household,192
E01026247,South Holland 001D,-8,Does not apply,0
E01026247,South Holland 001D,0,No cars or vans in household,109
E01026247,South Holland 001D,1,1 car or van in household,296
E01026247,South Holland 001D,2,2 cars or vans in household,283
E01026247,South Holland 001D,3,3 or more cars or vans in household,155
E01026248,South Holland 002B,-8,Does not apply,0
E01026248,South Holland 002B,0,No cars or vans in household,58
E01026248,South Holland 002B,1,1 car or van in household,343
E01026248,South Holland 002B,2,2 cars or vans in household,330
E01026248,South Holland 002B,3,3 or more cars or vans in household,215
E01026249,South Holland 010B,-8,Does not apply,0
E01026249,South Holland 010B,0,No cars or vans in household,43
E01026249,South Holland 010B,1,1 car or van in household,287
E01026249,South Holland 010B,2,2 cars or vans in household,344
E01026249,South Holland 010B,3,3 or more cars or vans in household,181
E01026250,South Holland 003A,-8,Does not apply,0
E01026250,South Holland 003A,0,No cars or vans in household,204
E01026250,South Holland 003A,1,1 car or van in household,492
E01026250,South Holland 003A,2,2 cars or vans in household,238
E01026250,South Holland 003A,3,3 or more cars or vans in household,68
E01026251,South Holland 003B,-8,Does not apply,0
E01026251,South Holland 003B,0,No cars or vans in household,91
E01026251,South Holland 003B,1,1 car or van in household,349
E01026251,South Holland 003B,2,2 cars or vans in household,259
E01026251,South Holland 003B,3,3 or more cars or vans in household,113
E01026252,South Holland 003C,-8,Does not apply,0
E01026252,South Holland 003C,0,No cars or vans in household,149
E01026252,South Holland 003C,1,1 car or van in household,353
E01026252,South Holland 003C,2,2 cars or vans in household,242
E01026252,South Holland 003C,3,3 or more cars or vans in household,80
E01026253,South Holland 003D,-8,Does not apply,0
E01026253,South Holland 003D,0,No cars or vans in household,131
E01026253,South Holland 003D,1,1 car or van in household,405
E01026253,South Holland 003D,2,2 cars or vans in household,269
E01026253,South Holland 003D,3,3 or more cars or vans in household,87
E01026254,South Holland 008A,-8,Does not apply,0
E01026254,South Holland 008A,0,No cars or vans in household,120
E01026254,South Holland 008A,1,1 car or van in household,341
E01026254,South Holland 008A,2,2 cars or vans in household,261
E01026254,South Holland 008A,3,3 or more cars or vans in household,137
E01026255,South Holland 008B,-8,Does not apply,0
E01026255,South Holland 008B,0,No cars or vans in household,109
E01026255,South Holland 008B,1,1 car or van in household,419
E01026255,South Holland 008B,2,2 cars or vans in household,274
E01026255,South Holland 008B,3,3 or more cars or vans in household,101
E01026256,South Holland 008C,-8,Does not apply,0
E01026256,South Holland 008C,0,No cars or vans in household,89
E01026256,South Holland 008C,1,1 car or van in household,293
E01026256,South Holland 008C,2,2 cars or vans in household,230
E01026256,South Holland 008C,3,3 or more cars or vans in household,114
E01026257,South Holland 002C,-8,Does not apply,0
E01026257,South Holland 002C,0,No cars or vans in household,105
E01026257,South Holland 002C,1,1 car or van in household,421
E01026257,South Holland 002C,2,2 cars or vans in household,297
E01026257,South Holland 002C,3,3 or more cars or vans in household,144
E01026258,South Holland 005B,-8,Does not apply,0
E01026258,South Holland 005B,0,No cars or vans in household,81
E01026258,South Holland 005B,1,1 car or van in household,387
E01026258,South Holland 005B,2,2 cars or vans in household,361
E01026258,South Holland 005B,3,3 or more cars or vans in household,148
E01026259,South Holland 005C,-8,Does not apply,0
E01026259,South Holland 005C,0,No cars or vans in household,50
E01026259,South Holland 005C,1,1 car or van in household,216
E01026259,South Holland 005C,2,2 cars or vans in household,276
E01026259,South Holland 005C,3,3 or more cars or vans in household,171
E01026260,South Holland 005D,-8,Does not apply,0
E01026260,South Holland 005D,0,No cars or vans in household,130
E01026260,South Holland 005D,1,1 car or van in household,398
E01026260,South Holland 005D,2,2 cars or vans in household,234
E01026260,South Holland 005D,3,3 or more cars or vans in household,101
E01026262,South Holland 009A,-8,Does not apply,0
E01026262,South Holland 009A,0,No cars or vans in household,55
E01026262,South Holland 009A,1,1 car or van in household,264
E01026262,South Holland 009A,2,2 cars or vans in household,244
E01026262,South Holland 009A,3,3 or more cars or vans in household,81
E01026263,South Holland 009B,-8,Does not apply,0
E01026263,South Holland 009B,0,No cars or vans in household,100
E01026263,South Holland 009B,1,1 car or van in household,432
E01026263,South Holland 009B,2,2 cars or vans in household,343
E01026263,South Holland 009B,3,3 or more cars or vans in household,99
E01026264,South Holland 009C,-8,Does not apply,0
E01026264,South Holland 009C,0,No cars or vans in household,124
E01026264,South Holland 009C,1,1 car or van in household,296
E01026264,South Holland 009C,2,2 cars or vans in household,179
E01026264,South Holland 009C,3,3 or more cars or vans in household,58
E01026265,South Holland 009D,-8,Does not apply,0
E01026265,South Holland 009D,0,No cars or vans in household,54
E01026265,South Holland 009D,1,1 car or van in household,230
E01026265,South Holland 009D,2,2 cars or vans in household,166
E01026265,South Holland 009D,3,3 or more cars or vans in household,88
E01026266,South Holland 006B,-8,Does not apply,0
E01026266,South Holland 006B,0,No cars or vans in household,340
E01026266,South Holland 006B,1,1 car or van in household,460
E01026266,South Holland 006B,2,2 cars or vans in household,212
E01026266,South Holland 006B,3,3 or more cars or vans in household,53
E01026268,South Holland 007A,-8,Does not apply,0
E01026268,South Holland 007A,0,No cars or vans in household,239
E01026268,South Holland 007A,1,1 car or van in household,378
E01026268,South Holland 007A,2,2 cars or vans in household,186
E01026268,South Holland 007A,3,3 or more cars or vans in household,72
E01026269,South Holland 007B,-8,Does not apply,0
E01026269,South Holland 007B,0,No cars or vans in household,116
E01026269,South Holland 007B,1,1 car or van in household,401
E01026269,South Holland 007B,2,2 cars or vans in household,303
E01026269,South Holland 007B,3,3 or more cars or vans in household,122
E01026270,South Holland 007C,-8,Does not apply,0
E01026270,South Holland 007C,0,No cars or vans in household,171
E01026270,South Holland 007C,1,1 car or van in household,314
E01026270,South Holland 007C,2,2 cars or vans in household,164
E01026270,South Holland 007C,3,3 or more cars or vans in household,79
E01026271,South Holland 007D,-8,Does not apply,0
E01026271,South Holland 007D,0,No cars or vans in household,237
E01026271,South Holland 007D,1,1 car or van in household,316
E01026271,South Holland 007D,2,2 cars or vans in household,152
E01026271,South Holland 007D,3,3 or more cars or vans in household,52
E01026272,South Holland 007E,-8,Does not apply,0
E01026272,South Holland 007E,0,No cars or vans in household,120
E01026272,South Holland 007E,1,1 car or van in household,252
E01026272,South Holland 007E,2,2 cars or vans in household,168
E01026272,South Holland 007E,3,3 or more cars or vans in household,61
E01026273,South Holland 006C,-8,Does not apply,0
E01026273,South Holland 006C,0,No cars or vans in household,68
E01026273,South Holland 006C,1,1 car or van in household,334
E01026273,South Holland 006C,2,2 cars or vans in household,252
E01026273,South Holland 006C,3,3 or more cars or vans in household,88
E01026275,South Holland 006E,-8,Does not apply,0
E01026275,South Holland 006E,0,No cars or vans in household,203
E01026275,South Holland 006E,1,1 car or van in household,525
E01026275,South Holland 006E,2,2 cars or vans in household,309
E01026275,South Holland 006E,3,3 or more cars or vans in household,77
E01026276,South Holland 001E,-8,Does not apply,0
E01026276,South Holland 001E,0,No cars or vans in household,65
E01026276,South Holland 001E,1,1 car or van in household,321
E01026276,South Holland 001E,2,2 cars or vans in household,382
E01026276,South Holland 001E,3,3 or more cars or vans in household,214
E01026277,South Holland 008D,-8,Does not apply,0
E01026277,South Holland 008D,0,No cars or vans in household,126
E01026277,South Holland 008D,1,1 car or van in household,352
E01026277,South Holland 008D,2,2 cars or vans in household,174
E01026277,South Holland 008D,3,3 or more cars or vans in household,66
E01026278,South Holland 008E,-8,Does not apply,0
E01026278,South Holland 008E,0,No cars or vans in household,63
E01026278,South Holland 008E,1,1 car or van in household,235
E01026278,South Holland 008E,2,2 cars or vans in household,229
E01026278,South Holland 008E,3,3 or more cars or vans in household,104
E01026279,South Holland 008F,-8,Does not apply,0
E01026279,South Holland 008F,0,No cars or vans in household,79
E01026279,South Holland 008F,1,1 car or van in household,303
E01026279,South Holland 008F,2,2 cars or vans in household,176
E01026279,South Holland 008F,3,3 or more cars or vans in household,62
E01026280,South Holland 010C,-8,Does not apply,0
E01026280,South Holland 010C,0,No cars or vans in household,55
E01026280,South Holland 010C,1,1 car or van in household,368
E01026280,South Holland 010C,2,2 cars or vans in household,421
E01026280,South Holland 010C,3,3 or more cars or vans in household,272
E01026281,South Holland 004A,-8,Does not apply,0
E01026281,South Holland 004A,0,No cars or vans in household,48
E01026281,South Holland 004A,1,1 car or van in household,197
E01026281,South Holland 004A,2,2 cars or vans in household,220
E01026281,South Holland 004A,3,3 or more cars or vans in household,121
E01026282,South Holland 004B,-8,Does not apply,0
E01026282,South Holland 004B,0,No cars or vans in household,74
E01026282,South Holland 004B,1,1 car or van in household,271
E01026282,South Holland 004B,2,2 cars or vans in household,293
E01026282,South Holland 004B,3,3 or more cars or vans in household,125
E01026283,South Holland 004C,-8,Does not apply,0
E01026283,South Holland 004C,0,No cars or vans in household,45
E01026283,South Holland 004C,1,1 car or van in household,269
E01026283,South Holland 004C,2,2 cars or vans in household,290
E01026283,South Holland 004C,3,3 or more cars or vans in household,146
E01026284,South Holland 011C,-8,Does not apply,0
E01026284,South Holland 011C,0,No cars or vans in household,64
E01026284,South Holland 011C,1,1 car or van in household,319
E01026284,South Holland 011C,2,2 cars or vans in household,405
E01026284,South Holland 011C,3,3 or more cars or vans in household,184
E01026285,South Holland 004D,-8,Does not apply,0
E01026285,South Holland 004D,0,No cars or vans in household,49
E01026285,South Holland 004D,1,1 car or van in household,229
E01026285,South Holland 004D,2,2 cars or vans in household,234
E01026285,South Holland 004D,3,3 or more cars or vans in household,107
E01026286,South Holland 004E,-8,Does not apply,0
E01026286,South Holland 004E,0,No cars or vans in household,45
E01026286,South Holland 004E,1,1 car or van in household,190
E01026286,South Holland 004E,2,2 cars or vans in household,179
E01026286,South Holland 004E,3,3 or more cars or vans in household,115
E01026287,South Kesteven 015A,-8,Does not apply,0
E01026287,South Kesteven 015A,0,No cars or vans in household,116
E01026287,South Kesteven 015A,1,1 car or van in household,300
E01026287,South Kesteven 015A,2,2 cars or vans in household,160
E01026287,South Kesteven 015A,3,3 or more cars or vans in household,34
E01026288,South Kesteven 015B,-8,Does not apply,0
E01026288,South Kesteven 015B,0,No cars or vans in household,228
E01026288,South Kesteven 015B,1,1 car or van in household,311
E01026288,South Kesteven 015B,2,2 cars or vans in household,176
E01026288,South Kesteven 015B,3,3 or more cars or vans in household,30
E01026289,South Kesteven 015C,-8,Does not apply,0
E01026289,South Kesteven 015C,0,No cars or vans in household,112
E01026289,South Kesteven 015C,1,1 car or van in household,447
E01026289,South Kesteven 015C,2,2 cars or vans in household,324
E01026289,South Kesteven 015C,3,3 or more cars or vans in household,111
E01026290,South Kesteven 008A,-8,Does not apply,0
E01026290,South Kesteven 008A,0,No cars or vans in household,72
E01026290,South Kesteven 008A,1,1 car or van in household,293
E01026290,South Kesteven 008A,2,2 cars or vans in household,374
E01026290,South Kesteven 008A,3,3 or more cars or vans in household,199
E01026291,South Kesteven 002A,-8,Does not apply,0
E01026291,South Kesteven 002A,0,No cars or vans in household,88
E01026291,South Kesteven 002A,1,1 car or van in household,359
E01026291,South Kesteven 002A,2,2 cars or vans in household,338
E01026291,South Kesteven 002A,3,3 or more cars or vans in household,110
E01026292,South Kesteven 007A,-8,Does not apply,0
E01026292,South Kesteven 007A,0,No cars or vans in household,66
E01026292,South Kesteven 007A,1,1 car or van in household,328
E01026292,South Kesteven 007A,2,2 cars or vans in household,187
E01026292,South Kesteven 007A,3,3 or more cars or vans in household,56
E01026293,South Kesteven 007B,-8,Does not apply,0
E01026293,South Kesteven 007B,0,No cars or vans in household,65
E01026293,South Kesteven 007B,1,1 car or van in household,372
E01026293,South Kesteven 007B,2,2 cars or vans in household,318
E01026293,South Kesteven 007B,3,3 or more cars or vans in household,111
E01026294,South Kesteven 007C,-8,Does not apply,0
E01026294,South Kesteven 007C,0,No cars or vans in household,40
E01026294,South Kesteven 007C,1,1 car or van in household,275
E01026294,South Kesteven 007C,2,2 cars or vans in household,274
E01026294,South Kesteven 007C,3,3 or more cars or vans in household,68
E01026296,South Kesteven 011B,-8,Does not apply,0
E01026296,South Kesteven 011B,0,No cars or vans in household,48
E01026296,South Kesteven 011B,1,1 car or van in household,247
E01026296,South Kesteven 011B,2,2 cars or vans in household,247
E01026296,South Kesteven 011B,3,3 or more cars or vans in household,117
E01026297,South Kesteven 011C,-8,Does not apply,0
E01026297,South Kesteven 011C,0,No cars or vans in household,129
E01026297,South Kesteven 011C,1,1 car or van in household,305
E01026297,South Kesteven 011C,2,2 cars or vans in household,174
E01026297,South Kesteven 011C,3,3 or more cars or vans in household,57
E01026298,South Kesteven 011D,-8,Does not apply,0
E01026298,South Kesteven 011D,0,No cars or vans in household,297
E01026298,South Kesteven 011D,1,1 car or van in household,472
E01026298,South Kesteven 011D,2,2 cars or vans in household,211
E01026298,South Kesteven 011D,3,3 or more cars or vans in household,68
E01026299,South Kesteven 010A,-8,Does not apply,0
E01026299,South Kesteven 010A,0,No cars or vans in household,151
E01026299,South Kesteven 010A,1,1 car or van in household,336
E01026299,South Kesteven 010A,2,2 cars or vans in household,185
E01026299,South Kesteven 010A,3,3 or more cars or vans in household,72
E01026300,South Kesteven 010B,-8,Does not apply,0
E01026300,South Kesteven 010B,0,No cars or vans in household,64
E01026300,South Kesteven 010B,1,1 car or van in household,240
E01026300,South Kesteven 010B,2,2 cars or vans in household,237
E01026300,South Kesteven 010B,3,3 or more cars or vans in household,94
E01026302,South Kesteven 010D,-8,Does not apply,0
E01026302,South Kesteven 010D,0,No cars or vans in household,50
E01026302,South Kesteven 010D,1,1 car or van in household,214
E01026302,South Kesteven 010D,2,2 cars or vans in household,176
E01026302,South Kesteven 010D,3,3 or more cars or vans in household,53
E01026303,South Kesteven 014A,-8,Does not apply,0
E01026303,South Kesteven 014A,0,No cars or vans in household,24
E01026303,South Kesteven 014A,1,1 car or van in household,212
E01026303,South Kesteven 014A,2,2 cars or vans in household,216
E01026303,South Kesteven 014A,3,3 or more cars or vans in household,72
E01026304,South Kesteven 014B,-8,Does not apply,0
E01026304,South Kesteven 014B,0,No cars or vans in household,34
E01026304,South Kesteven 014B,1,1 car or van in household,204
E01026304,South Kesteven 014B,2,2 cars or vans in household,271
E01026304,South Kesteven 014B,3,3 or more cars or vans in household,115
E01026305,South Kesteven 014C,-8,Does not apply,0
E01026305,South Kesteven 014C,0,No cars or vans in household,58
E01026305,South Kesteven 014C,1,1 car or van in household,234
E01026305,South Kesteven 014C,2,2 cars or vans in household,251
E01026305,South Kesteven 014C,3,3 or more cars or vans in household,67
E01026306,South Kesteven 014D,-8,Does not apply,0
E01026306,South Kesteven 014D,0,No cars or vans in household,117
E01026306,South Kesteven 014D,1,1 car or van in household,335
E01026306,South Kesteven 014D,2,2 cars or vans in household,271
E01026306,South Kesteven 014D,3,3 or more cars or vans in household,95
E01026307,South Kesteven 014E,-8,Does not apply,0
E01026307,South Kesteven 014E,0,No cars or vans in household,51
E01026307,South Kesteven 014E,1,1 car or van in household,232
E01026307,South Kesteven 014E,2,2 cars or vans in household,194
E01026307,South Kesteven 014E,3,3 or more cars or vans in household,79
E01026308,South Kesteven 005A,-8,Does not apply,0
E01026308,South Kesteven 005A,0,No cars or vans in household,240
E01026308,South Kesteven 005A,1,1 car or van in household,240
E01026308,South Kesteven 005A,2,2 cars or vans in household,120
E01026308,South Kesteven 005A,3,3 or more cars or vans in household,25
E01026309,South Kesteven 005B,-8,Does not apply,0
E01026309,South Kesteven 005B,0,No cars or vans in household,135
E01026309,South Kesteven 005B,1,1 car or van in household,380
E01026309,South Kesteven 005B,2,2 cars or vans in household,167
E01026309,South Kesteven 005B,3,3 or more cars or vans in household,45
E01026310,South Kesteven 005C,-8,Does not apply,0
E01026310,South Kesteven 005C,0,No cars or vans in household,82
E01026310,South Kesteven 005C,1,1 car or van in household,216
E01026310,South Kesteven 005C,2,2 cars or vans in household,121
E01026310,South Kesteven 005C,3,3 or more cars or vans in household,34
E01026311,South Kesteven 005D,-8,Does not apply,0
E01026311,South Kesteven 005D,0,No cars or vans in household,166
E01026311,South Kesteven 005D,1,1 car or van in household,330
E01026311,South Kesteven 005D,2,2 cars or vans in household,155
E01026311,South Kesteven 005D,3,3 or more cars or vans in household,28
E01026312,South Kesteven 005E,-8,Does not apply,0
E01026312,South Kesteven 005E,0,No cars or vans in household,125
E01026312,South Kesteven 005E,1,1 car or van in household,190
E01026312,South Kesteven 005E,2,2 cars or vans in household,98
E01026312,South Kesteven 005E,3,3 or more cars or vans in household,36
E01026313,South Kesteven 001A,-8,Does not apply,0
E01026313,South Kesteven 001A,0,No cars or vans in household,59
E01026313,South Kesteven 001A,1,1 car or van in household,213
E01026313,South Kesteven 001A,2,2 cars or vans in household,240
E01026313,South Kesteven 001A,3,3 or more cars or vans in household,114
E01026314,South Kesteven 001B,-8,Does not apply,0
E01026314,South Kesteven 001B,0,No cars or vans in household,71
E01026314,South Kesteven 001B,1,1 car or van in household,215
E01026314,South Kesteven 001B,2,2 cars or vans in household,216
E01026314,South Kesteven 001B,3,3 or more cars or vans in household,83
E01026315,South Kesteven 009A,-8,Does not apply,0
E01026315,South Kesteven 009A,0,No cars or vans in household,71
E01026315,South Kesteven 009A,1,1 car or van in household,377
E01026315,South Kesteven 009A,2,2 cars or vans in household,373
E01026315,South Kesteven 009A,3,3 or more cars or vans in household,146
E01026316,South Kesteven 007D,-8,Does not apply,0
E01026316,South Kesteven 007D,0,No cars or vans in household,94
E01026316,South Kesteven 007D,1,1 car or van in household,341
E01026316,South Kesteven 007D,2,2 cars or vans in household,435
E01026316,South Kesteven 007D,3,3 or more cars or vans in household,192
E01026317,South Kesteven 006A,-8,Does not apply,0
E01026317,South Kesteven 006A,0,No cars or vans in household,351
E01026317,South Kesteven 006A,1,1 car or van in household,516
E01026317,South Kesteven 006A,2,2 cars or vans in household,210
E01026317,South Kesteven 006A,3,3 or more cars or vans in household,38
E01026318,South Kesteven 006B,-8,Does not apply,0
E01026318,South Kesteven 006B,0,No cars or vans in household,306
E01026318,South Kesteven 006B,1,1 car or van in household,474
E01026318,South Kesteven 006B,2,2 cars or vans in household,205
E01026318,South Kesteven 006B,3,3 or more cars or vans in household,37
E01026319,South Kesteven 006C,-8,Does not apply,0
E01026319,South Kesteven 006C,0,No cars or vans in household,149
E01026319,South Kesteven 006C,1,1 car or van in household,487
E01026319,South Kesteven 006C,2,2 cars or vans in household,362
E01026319,South Kesteven 006C,3,3 or more cars or vans in household,114
E01026321,South Kesteven 004B,-8,Does not apply,0
E01026321,South Kesteven 004B,0,No cars or vans in household,63
E01026321,South Kesteven 004B,1,1 car or van in household,258
E01026321,South Kesteven 004B,2,2 cars or vans in household,207
E01026321,South Kesteven 004B,3,3 or more cars or vans in household,69
E01026322,South Kesteven 004C,-8,Does not apply,0
E01026322,South Kesteven 004C,0,No cars or vans in household,85
E01026322,South Kesteven 004C,1,1 car or van in household,304
E01026322,South Kesteven 004C,2,2 cars or vans in household,159
E01026322,South Kesteven 004C,3,3 or more cars or vans in household,41
E01026323,South Kesteven 004D,-8,Does not apply,0
E01026323,South Kesteven 004D,0,No cars or vans in household,418
E01026323,South Kesteven 004D,1,1 car or van in household,390
E01026323,South Kesteven 004D,2,2 cars or vans in household,200
E01026323,South Kesteven 004D,3,3 or more cars or vans in household,52
E01026324,South Kesteven 004E,-8,Does not apply,0
E01026324,South Kesteven 004E,0,No cars or vans in household,87
E01026324,South Kesteven 004E,1,1 car or van in household,360
E01026324,South Kesteven 004E,2,2 cars or vans in household,321
E01026324,South Kesteven 004E,3,3 or more cars or vans in household,111
E01026325,South Kesteven 003A,-8,Does not apply,0
E01026325,South Kesteven 003A,0,No cars or vans in household,151
E01026325,South Kesteven 003A,1,1 car or van in household,241
E01026325,South Kesteven 003A,2,2 cars or vans in household,183
E01026325,South Kesteven 003A,3,3 or more cars or vans in household,46
E01026326,South Kesteven 003B,-8,Does not apply,0
E01026326,South Kesteven 003B,0,No cars or vans in household,110
E01026326,South Kesteven 003B,1,1 car or van in household,257
E01026326,South Kesteven 003B,2,2 cars or vans in household,197
E01026326,South Kesteven 003B,3,3 or more cars or vans in household,62
E01026327,South Kesteven 003C,-8,Does not apply,0
E01026327,South Kesteven 003C,0,No cars or vans in household,124
E01026327,South Kesteven 003C,1,1 car or van in household,279
E01026327,South Kesteven 003C,2,2 cars or vans in household,157
E01026327,South Kesteven 003C,3,3 or more cars or vans in household,59
E01026328,South Kesteven 003D,-8,Does not apply,0
E01026328,South Kesteven 003D,0,No cars or vans in household,160
E01026328,South Kesteven 003D,1,1 car or van in household,254
E01026328,South Kesteven 003D,2,2 cars or vans in household,139
E01026328,South Kesteven 003D,3,3 or more cars or vans in household,44
E01026329,South Kesteven 001C,-8,Does not apply,0
E01026329,South Kesteven 001C,0,No cars or vans in household,71
E01026329,South Kesteven 001C,1,1 car or van in household,297
E01026329,South Kesteven 001C,2,2 cars or vans in household,309
E01026329,South Kesteven 001C,3,3 or more cars or vans in household,126
E01026330,South Kesteven 012A,-8,Does not apply,0
E01026330,South Kesteven 012A,0,No cars or vans in household,36
E01026330,South Kesteven 012A,1,1 car or van in household,243
E01026330,South Kesteven 012A,2,2 cars or vans in household,380
E01026330,South Kesteven 012A,3,3 or more cars or vans in household,206
E01026331,South Kesteven 009B,-8,Does not apply,0
E01026331,South Kesteven 009B,0,No cars or vans in household,106
E01026331,South Kesteven 009B,1,1 car or van in household,432
E01026331,South Kesteven 009B,2,2 cars or vans in household,393
E01026331,South Kesteven 009B,3,3 or more cars or vans in household,174
E01026332,South Kesteven 007E,-8,Does not apply,0
E01026332,South Kesteven 007E,0,No cars or vans in household,70
E01026332,South Kesteven 007E,1,1 car or van in household,312
E01026332,South Kesteven 007E,2,2 cars or vans in household,347
E01026332,South Kesteven 007E,3,3 or more cars or vans in household,214
E01026333,South Kesteven 001D,-8,Does not apply,0
E01026333,South Kesteven 001D,0,No cars or vans in household,70
E01026333,South Kesteven 001D,1,1 car or van in household,349
E01026333,South Kesteven 001D,2,2 cars or vans in household,420
E01026333,South Kesteven 001D,3,3 or more cars or vans in household,239
E01026334,South Kesteven 013A,-8,Does not apply,0
E01026334,South Kesteven 013A,0,No cars or vans in household,38
E01026334,South Kesteven 013A,1,1 car or van in household,196
E01026334,South Kesteven 013A,2,2 cars or vans in household,306
E01026334,South Kesteven 013A,3,3 or more cars or vans in household,101
E01026335,South Kesteven 013B,-8,Does not apply,0
E01026335,South Kesteven 013B,0,No cars or vans in household,104
E01026335,South Kesteven 013B,1,1 car or van in household,331
E01026335,South Kesteven 013B,2,2 cars or vans in household,214
E01026335,South Kesteven 013B,3,3 or more cars or vans in household,72
E01026336,South Kesteven 013C,-8,Does not apply,0
E01026336,South Kesteven 013C,0,No cars or vans in household,150
E01026336,South Kesteven 013C,1,1 car or van in household,338
E01026336,South Kesteven 013C,2,2 cars or vans in household,247
E01026336,South Kesteven 013C,3,3 or more cars or vans in household,76
E01026337,South Kesteven 013D,-8,Does not apply,0
E01026337,South Kesteven 013D,0,No cars or vans in household,106
E01026337,South Kesteven 013D,1,1 car or van in household,420
E01026337,South Kesteven 013D,2,2 cars or vans in household,323
E01026337,South Kesteven 013D,3,3 or more cars or vans in household,89
E01026338,South Kesteven 009C,-8,Does not apply,0
E01026338,South Kesteven 009C,0,No cars or vans in household,35
E01026338,South Kesteven 009C,1,1 car or van in household,190
E01026338,South Kesteven 009C,2,2 cars or vans in household,221
E01026338,South Kesteven 009C,3,3 or more cars or vans in household,94
E01026339,South Kesteven 009D,-8,Does not apply,0
E01026339,South Kesteven 009D,0,No cars or vans in household,51
E01026339,South Kesteven 009D,1,1 car or van in household,238
E01026339,South Kesteven 009D,2,2 cars or vans in household,204
E01026339,South Kesteven 009D,3,3 or more cars or vans in household,74
E01026340,South Kesteven 002B,-8,Does not apply,0
E01026340,South Kesteven 002B,0,No cars or vans in household,151
E01026340,South Kesteven 002B,1,1 car or van in household,416
E01026340,South Kesteven 002B,2,2 cars or vans in household,328
E01026340,South Kesteven 002B,3,3 or more cars or vans in household,109
E01026341,South Kesteven 008B,-8,Does not apply,0
E01026341,South Kesteven 008B,0,No cars or vans in household,68
E01026341,South Kesteven 008B,1,1 car or van in household,246
E01026341,South Kesteven 008B,2,2 cars or vans in household,228
E01026341,South Kesteven 008B,3,3 or more cars or vans in household,128
E01026342,South Kesteven 008C,-8,Does not apply,0
E01026342,South Kesteven 008C,0,No cars or vans in household,30
E01026342,South Kesteven 008C,1,1 car or van in household,200
E01026342,South Kesteven 008C,2,2 cars or vans in household,246
E01026342,South Kesteven 008C,3,3 or more cars or vans in household,111
E01026343,South Kesteven 006D,-8,Does not apply,0
E01026343,South Kesteven 006D,0,No cars or vans in household,323
E01026343,South Kesteven 006D,1,1 car or van in household,419
E01026343,South Kesteven 006D,2,2 cars or vans in household,159
E01026343,South Kesteven 006D,3,3 or more cars or vans in household,37
E01026344,South Kesteven 006E,-8,Does not apply,0
E01026344,South Kesteven 006E,0,No cars or vans in household,123
E01026344,South Kesteven 006E,1,1 car or van in household,311
E01026344,South Kesteven 006E,2,2 cars or vans in household,182
E01026344,South Kesteven 006E,3,3 or more cars or vans in household,53
E01026345,South Kesteven 006F,-8,Does not apply,0
E01026345,South Kesteven 006F,0,No cars or vans in household,156
E01026345,South Kesteven 006F,1,1 car or van in household,342
E01026345,South Kesteven 006F,2,2 cars or vans in household,176
E01026345,South Kesteven 006F,3,3 or more cars or vans in household,57
E01026346,South Kesteven 015D,-8,Does not apply,0
E01026346,South Kesteven 015D,0,No cars or vans in household,76
E01026346,South Kesteven 015D,1,1 car or van in household,235
E01026346,South Kesteven 015D,2,2 cars or vans in household,150
E01026346,South Kesteven 015D,3,3 or more cars or vans in household,54
E01026347,South Kesteven 015E,-8,Does not apply,0
E01026347,South Kesteven 015E,0,No cars or vans in household,218
E01026347,South Kesteven 015E,1,1 car or van in household,402
E01026347,South Kesteven 015E,2,2 cars or vans in household,171
E01026347,South Kesteven 015E,3,3 or more cars or vans in household,40
E01026348,South Kesteven 015F,-8,Does not apply,0
E01026348,South Kesteven 015F,0,No cars or vans in household,88
E01026348,South Kesteven 015F,1,1 car or van in household,180
E01026348,South Kesteven 015F,2,2 cars or vans in household,160
E01026348,South Kesteven 015F,3,3 or more cars or vans in household,53
E01026349,South Kesteven 016A,-8,Does not apply,0
E01026349,South Kesteven 016A,0,No cars or vans in household,202
E01026349,South Kesteven 016A,1,1 car or van in household,353
E01026349,South Kesteven 016A,2,2 cars or vans in household,175
E01026349,South Kesteven 016A,3,3 or more cars or vans in household,37
E01026350,South Kesteven 016B,-8,Does not apply,0
E01026350,South Kesteven 016B,0,No cars or vans in household,225
E01026350,South Kesteven 016B,1,1 car or van in household,508
E01026350,South Kesteven 016B,2,2 cars or vans in household,203
E01026350,South Kesteven 016B,3,3 or more cars or vans in household,55
E01026351,South Kesteven 016C,-8,Does not apply,0
E01026351,South Kesteven 016C,0,No cars or vans in household,222
E01026351,South Kesteven 016C,1,1 car or van in household,449
E01026351,South Kesteven 016C,2,2 cars or vans in household,146
E01026351,South Kesteven 016C,3,3 or more cars or vans in household,31
E01026352,South Kesteven 003E,-8,Does not apply,0
E01026352,South Kesteven 003E,0,No cars or vans in household,63
E01026352,South Kesteven 003E,1,1 car or van in household,259
E01026352,South Kesteven 003E,2,2 cars or vans in household,179
E01026352,South Kesteven 003E,3,3 or more cars or vans in household,62
E01026353,South Kesteven 003F,-8,Does not apply,0
E01026353,South Kesteven 003F,0,No cars or vans in household,342
E01026353,South Kesteven 003F,1,1 car or van in household,397
E01026353,South Kesteven 003F,2,2 cars or vans in household,101
E01026353,South Kesteven 003F,3,3 or more cars or vans in household,24
E01026354,South Kesteven 003G,-8,Does not apply,0
E01026354,South Kesteven 003G,0,No cars or vans in household,47
E01026354,South Kesteven 003G,1,1 car or van in household,207
E01026354,South Kesteven 003G,2,2 cars or vans in household,177
E01026354,South Kesteven 003G,3,3 or more cars or vans in household,57
E01026355,South Kesteven 002C,-8,Does not apply,0
E01026355,South Kesteven 002C,0,No cars or vans in household,93
E01026355,South Kesteven 002C,1,1 car or van in household,407
E01026355,South Kesteven 002C,2,2 cars or vans in household,428
E01026355,South Kesteven 002C,3,3 or more cars or vans in household,181
E01026356,South Kesteven 016D,-8,Does not apply,0
E01026356,South Kesteven 016D,0,No cars or vans in household,27
E01026356,South Kesteven 016D,1,1 car or van in household,221
E01026356,South Kesteven 016D,2,2 cars or vans in household,239
E01026356,South Kesteven 016D,3,3 or more cars or vans in household,100
E01026357,South Kesteven 016E,-8,Does not apply,0
E01026357,South Kesteven 016E,0,No cars or vans in household,48
E01026357,South Kesteven 016E,1,1 car or van in household,259
E01026357,South Kesteven 016E,2,2 cars or vans in household,214
E01026357,South Kesteven 016E,3,3 or more cars or vans in household,64
E01026358,South Kesteven 016F,-8,Does not apply,0
E01026358,South Kesteven 016F,0,No cars or vans in household,51
E01026358,South Kesteven 016F,1,1 car or van in household,276
E01026358,South Kesteven 016F,2,2 cars or vans in household,245
E01026358,South Kesteven 016F,3,3 or more cars or vans in household,56
E01026359,South Kesteven 016G,-8,Does not apply,0
E01026359,South Kesteven 016G,0,No cars or vans in household,102
E01026359,South Kesteven 016G,1,1 car or van in household,396
E01026359,South Kesteven 016G,2,2 cars or vans in household,418
E01026359,South Kesteven 016G,3,3 or more cars or vans in household,119
E01026360,South Kesteven 012B,-8,Does not apply,0
E01026360,South Kesteven 012B,0,No cars or vans in household,61
E01026360,South Kesteven 012B,1,1 car or van in household,323
E01026360,South Kesteven 012B,2,2 cars or vans in household,383
E01026360,South Kesteven 012B,3,3 or more cars or vans in household,148
E01026361,South Kesteven 008D,-8,Does not apply,0
E01026361,South Kesteven 008D,0,No cars or vans in household,122
E01026361,South Kesteven 008D,1,1 car or van in household,447
E01026361,South Kesteven 008D,2,2 cars or vans in household,433
E01026361,South Kesteven 008D,3,3 or more cars or vans in household,177
E01026362,South Kesteven 012C,-8,Does not apply,0
E01026362,South Kesteven 012C,0,No cars or vans in household,39
E01026362,South Kesteven 012C,1,1 car or van in household,231
E01026362,South Kesteven 012C,2,2 cars or vans in household,306
E01026362,South Kesteven 012C,3,3 or more cars or vans in household,121
E01026363,South Kesteven 012D,-8,Does not apply,0
E01026363,South Kesteven 012D,0,No cars or vans in household,43
E01026363,South Kesteven 012D,1,1 car or van in household,359
E01026363,South Kesteven 012D,2,2 cars or vans in household,324
E01026363,South Kesteven 012D,3,3 or more cars or vans in household,134
E01026364,South Kesteven 012E,-8,Does not apply,0
E01026364,South Kesteven 012E,0,No cars or vans in household,54
E01026364,South Kesteven 012E,1,1 car or van in household,305
E01026364,South Kesteven 012E,2,2 cars or vans in household,317
E01026364,South Kesteven 012E,3,3 or more cars or vans in household,138
E01026365,South Kesteven 002D,-8,Does not apply,0
E01026365,South Kesteven 002D,0,No cars or vans in household,57
E01026365,South Kesteven 002D,1,1 car or van in household,384
E01026365,South Kesteven 002D,2,2 cars or vans in household,392
E01026365,South Kesteven 002D,3,3 or more cars or vans in household,191
E01026366,West Lindsey 011A,-8,Does not apply,0
E01026366,West Lindsey 011A,0,No cars or vans in household,111
E01026366,West Lindsey 011A,1,1 car or van in household,452
E01026366,West Lindsey 011A,2,2 cars or vans in household,370
E01026366,West Lindsey 011A,3,3 or more cars or vans in household,138
E01026367,West Lindsey 001A,-8,Does not apply,0
E01026367,West Lindsey 001A,0,No cars or vans in household,132
E01026367,West Lindsey 001A,1,1 car or van in household,352
E01026367,West Lindsey 001A,2,2 cars or vans in household,218
E01026367,West Lindsey 001A,3,3 or more cars or vans in household,99
E01026368,West Lindsey 001B,-8,Does not apply,0
E01026368,West Lindsey 001B,0,No cars or vans in household,73
E01026368,West Lindsey 001B,1,1 car or van in household,363
E01026368,West Lindsey 001B,2,2 cars or vans in household,288
E01026368,West Lindsey 001B,3,3 or more cars or vans in household,114
E01026369,West Lindsey 011B,-8,Does not apply,0
E01026369,West Lindsey 011B,0,No cars or vans in household,90
E01026369,West Lindsey 011B,1,1 car or van in household,268
E01026369,West Lindsey 011B,2,2 cars or vans in household,177
E01026369,West Lindsey 011B,3,3 or more cars or vans in household,58
E01026370,West Lindsey 011C,-8,Does not apply,0
E01026370,West Lindsey 011C,0,No cars or vans in household,107
E01026370,West Lindsey 011C,1,1 car or van in household,505
E01026370,West Lindsey 011C,2,2 cars or vans in household,417
E01026370,West Lindsey 011C,3,3 or more cars or vans in household,124
E01026371,West Lindsey 011D,-8,Does not apply,0
E01026371,West Lindsey 011D,0,No cars or vans in household,49
E01026371,West Lindsey 011D,1,1 car or van in household,217
E01026371,West Lindsey 011D,2,2 cars or vans in household,184
E01026371,West Lindsey 011D,3,3 or more cars or vans in household,79
E01026372,West Lindsey 008A,-8,Does not apply,0
E01026372,West Lindsey 008A,0,No cars or vans in household,102
E01026372,West Lindsey 008A,1,1 car or van in household,424
E01026372,West Lindsey 008A,2,2 cars or vans in household,392
E01026372,West Lindsey 008A,3,3 or more cars or vans in household,164
E01026373,West Lindsey 011E,-8,Does not apply,0
E01026373,West Lindsey 011E,0,No cars or vans in household,75
E01026373,West Lindsey 011E,1,1 car or van in household,356
E01026373,West Lindsey 011E,2,2 cars or vans in household,368
E01026373,West Lindsey 011E,3,3 or more cars or vans in household,143
E01026374,West Lindsey 006A,-8,Does not apply,0
E01026374,West Lindsey 006A,0,No cars or vans in household,238
E01026374,West Lindsey 006A,1,1 car or van in household,277
E01026374,West Lindsey 006A,2,2 cars or vans in household,78
E01026374,West Lindsey 006A,3,3 or more cars or vans in household,24
E01026375,West Lindsey 006B,-8,Does not apply,0
E01026375,West Lindsey 006B,0,No cars or vans in household,202
E01026375,West Lindsey 006B,1,1 car or van in household,410
E01026375,West Lindsey 006B,2,2 cars or vans in household,184
E01026375,West Lindsey 006B,3,3 or more cars or vans in household,50
E01026376,West Lindsey 006C,-8,Does not apply,0
E01026376,West Lindsey 006C,0,No cars or vans in household,240
E01026376,West Lindsey 006C,1,1 car or van in household,336
E01026376,West Lindsey 006C,2,2 cars or vans in household,143
E01026376,West Lindsey 006C,3,3 or more cars or vans in household,42
E01026377,West Lindsey 006D,-8,Does not apply,0
E01026377,West Lindsey 006D,0,No cars or vans in household,183
E01026377,West Lindsey 006D,1,1 car or van in household,410
E01026377,West Lindsey 006D,2,2 cars or vans in household,256
E01026377,West Lindsey 006D,3,3 or more cars or vans in household,64
E01026378,West Lindsey 004A,-8,Does not apply,0
E01026378,West Lindsey 004A,0,No cars or vans in household,228
E01026378,West Lindsey 004A,1,1 car or van in household,358
E01026378,West Lindsey 004A,2,2 cars or vans in household,120
E01026378,West Lindsey 004A,3,3 or more cars or vans in household,32
E01026379,West Lindsey 004B,-8,Does not apply,0
E01026379,West Lindsey 004B,0,No cars or vans in household,217
E01026379,West Lindsey 004B,1,1 car or van in household,370
E01026379,West Lindsey 004B,2,2 cars or vans in household,180
E01026379,West Lindsey 004B,3,3 or more cars or vans in household,57
E01026380,West Lindsey 002A,-8,Does not apply,0
E01026380,West Lindsey 002A,0,No cars or vans in household,124
E01026380,West Lindsey 002A,1,1 car or van in household,488
E01026380,West Lindsey 002A,2,2 cars or vans in household,368
E01026380,West Lindsey 002A,3,3 or more cars or vans in household,98
E01026381,West Lindsey 004C,-8,Does not apply,0
E01026381,West Lindsey 004C,0,No cars or vans in household,242
E01026381,West Lindsey 004C,1,1 car or van in household,429
E01026381,West Lindsey 004C,2,2 cars or vans in household,156
E01026381,West Lindsey 004C,3,3 or more cars or vans in household,48
E01026382,West Lindsey 004D,-8,Does not apply,0
E01026382,West Lindsey 004D,0,No cars or vans in household,212
E01026382,West Lindsey 004D,1,1 car or van in household,325
E01026382,West Lindsey 004D,2,2 cars or vans in household,191
E01026382,West Lindsey 004D,3,3 or more cars or vans in household,55
E01026383,West Lindsey 004E,-8,Does not apply,0
E01026383,West Lindsey 004E,0,No cars or vans in household,358
E01026383,West Lindsey 004E,1,1 car or van in household,287
E01026383,West Lindsey 004E,2,2 cars or vans in household,77
E01026383,West Lindsey 004E,3,3 or more cars or vans in household,12
E01026384,West Lindsey 004F,-8,Does not apply,0
E01026384,West Lindsey 004F,0,No cars or vans in household,440
E01026384,West Lindsey 004F,1,1 car or van in household,467
E01026384,West Lindsey 004F,2,2 cars or vans in household,160
E01026384,West Lindsey 004F,3,3 or more cars or vans in household,38
E01026385,West Lindsey 005A,-8,Does not apply,0
E01026385,West Lindsey 005A,0,No cars or vans in household,41
E01026385,West Lindsey 005A,1,1 car or van in household,179
E01026385,West Lindsey 005A,2,2 cars or vans in household,181
E01026385,West Lindsey 005A,3,3 or more cars or vans in household,96
E01026386,West Lindsey 005B,-8,Does not apply,0
E01026386,West Lindsey 005B,0,No cars or vans in household,48
E01026386,West Lindsey 005B,1,1 car or van in household,231
E01026386,West Lindsey 005B,2,2 cars or vans in household,182
E01026386,West Lindsey 005B,3,3 or more cars or vans in household,75
E01026387,West Lindsey 001C,-8,Does not apply,0
E01026387,West Lindsey 001C,0,No cars or vans in household,66
E01026387,West Lindsey 001C,1,1 car or van in household,346
E01026387,West Lindsey 001C,2,2 cars or vans in household,464
E01026387,West Lindsey 001C,3,3 or more cars or vans in household,265
E01026388,West Lindsey 007A,-8,Does not apply,0
E01026388,West Lindsey 007A,0,No cars or vans in household,68
E01026388,West Lindsey 007A,1,1 car or van in household,366
E01026388,West Lindsey 007A,2,2 cars or vans in household,368
E01026388,West Lindsey 007A,3,3 or more cars or vans in household,161
E01026389,West Lindsey 003A,-8,Does not apply,0
E01026389,West Lindsey 003A,0,No cars or vans in household,219
E01026389,West Lindsey 003A,1,1 car or van in household,442
E01026389,West Lindsey 003A,2,2 cars or vans in household,190
E01026389,West Lindsey 003A,3,3 or more cars or vans in household,58
E01026390,West Lindsey 003B,-8,Does not apply,0
E01026390,West Lindsey 003B,0,No cars or vans in household,208
E01026390,West Lindsey 003B,1,1 car or van in household,383
E01026390,West Lindsey 003B,2,2 cars or vans in household,217
E01026390,West Lindsey 003B,3,3 or more cars or vans in household,66
E01026391,West Lindsey 003C,-8,Does not apply,0
E01026391,West Lindsey 003C,0,No cars or vans in household,79
E01026391,West Lindsey 003C,1,1 car or van in household,349
E01026391,West Lindsey 003C,2,2 cars or vans in household,335
E01026391,West Lindsey 003C,3,3 or more cars or vans in household,135
E01026392,West Lindsey 003D,-8,Does not apply,0
E01026392,West Lindsey 003D,0,No cars or vans in household,126
E01026392,West Lindsey 003D,1,1 car or van in household,509
E01026392,West Lindsey 003D,2,2 cars or vans in household,462
E01026392,West Lindsey 003D,3,3 or more cars or vans in household,238
E01026393,West Lindsey 010A,-8,Does not apply,0
E01026393,West Lindsey 010A,0,No cars or vans in household,68
E01026393,West Lindsey 010A,1,1 car or van in household,301
E01026393,West Lindsey 010A,2,2 cars or vans in household,243
E01026393,West Lindsey 010A,3,3 or more cars or vans in household,76
E01026394,West Lindsey 010B,-8,Does not apply,0
E01026394,West Lindsey 010B,0,No cars or vans in household,97
E01026394,West Lindsey 010B,1,1 car or van in household,383
E01026394,West Lindsey 010B,2,2 cars or vans in household,391
E01026394,West Lindsey 010B,3,3 or more cars or vans in household,121
E01026395,West Lindsey 010C,-8,Does not apply,0
E01026395,West Lindsey 010C,0,No cars or vans in household,118
E01026395,West Lindsey 010C,1,1 car or van in household,309
E01026395,West Lindsey 010C,2,2 cars or vans in household,258
E01026395,West Lindsey 010C,3,3 or more cars or vans in household,67
E01026396,West Lindsey 009A,-8,Does not apply,0
E01026396,West Lindsey 009A,0,No cars or vans in household,75
E01026396,West Lindsey 009A,1,1 car or van in household,279
E01026396,West Lindsey 009A,2,2 cars or vans in household,216
E01026396,West Lindsey 009A,3,3 or more cars or vans in household,68
E01026398,West Lindsey 009C,-8,Does not apply,0
E01026398,West Lindsey 009C,0,No cars or vans in household,127
E01026398,West Lindsey 009C,1,1 car or van in household,361
E01026398,West Lindsey 009C,2,2 cars or vans in household,220
E01026398,West Lindsey 009C,3,3 or more cars or vans in household,79
E01026399,West Lindsey 005C,-8,Does not apply,0
E01026399,West Lindsey 005C,0,No cars or vans in household,58
E01026399,West Lindsey 005C,1,1 car or van in household,238
E01026399,West Lindsey 005C,2,2 cars or vans in household,243
E01026399,West Lindsey 005C,3,3 or more cars or vans in household,116
E01026400,West Lindsey 009D,-8,Does not apply,0
E01026400,West Lindsey 009D,0,No cars or vans in household,21
E01026400,West Lindsey 009D,1,1 car or van in household,222
E01026400,West Lindsey 009D,2,2 cars or vans in household,266
E01026400,West Lindsey 009D,3,3 or more cars or vans in household,96
E01026401,West Lindsey 002B,-8,Does not apply,0
E01026401,West Lindsey 002B,0,No cars or vans in household,27
E01026401,West Lindsey 002B,1,1 car or van in household,222
E01026401,West Lindsey 002B,2,2 cars or vans in household,300
E01026401,West Lindsey 002B,3,3 or more cars or vans in household,104
E01026402,West Lindsey 002C,-8,Does not apply,0
E01026402,West Lindsey 002C,0,No cars or vans in household,74
E01026402,West Lindsey 002C,1,1 car or van in household,355
E01026402,West Lindsey 002C,2,2 cars or vans in household,307
E01026402,West Lindsey 002C,3,3 or more cars or vans in household,116
E01026403,West Lindsey 002D,-8,Does not apply,0
E01026403,West Lindsey 002D,0,No cars or vans in household,39
E01026403,West Lindsey 002D,1,1 car or van in household,186
E01026403,West Lindsey 002D,2,2 cars or vans in household,208
E01026403,West Lindsey 002D,3,3 or more cars or vans in household,125
E01026404,West Lindsey 007B,-8,Does not apply,0
E01026404,West Lindsey 007B,0,No cars or vans in household,90
E01026404,West Lindsey 007B,1,1 car or van in household,421
E01026404,West Lindsey 007B,2,2 cars or vans in household,368
E01026404,West Lindsey 007B,3,3 or more cars or vans in household,178
E01026405,West Lindsey 010D,-8,Does not apply,0
E01026405,West Lindsey 010D,0,No cars or vans in household,39
E01026405,West Lindsey 010D,1,1 car or van in household,213
E01026405,West Lindsey 010D,2,2 cars or vans in household,237
E01026405,West Lindsey 010D,3,3 or more cars or vans in household,118
E01026406,West Lindsey 010E,-8,Does not apply,0
E01026406,West Lindsey 010E,0,No cars or vans in household,37
E01026406,West Lindsey 010E,1,1 car or van in household,182
E01026406,West Lindsey 010E,2,2 cars or vans in household,227
E01026406,West Lindsey 010E,3,3 or more cars or vans in household,67
E01026407,West Lindsey 002E,-8,Does not apply,0
E01026407,West Lindsey 002E,0,No cars or vans in household,63
E01026407,West Lindsey 002E,1,1 car or van in household,216
E01026407,West Lindsey 002E,2,2 cars or vans in household,189
E01026407,West Lindsey 002E,3,3 or more cars or vans in household,126
E01026408,West Lindsey 002F,-8,Does not apply,0
E01026408,West Lindsey 002F,0,No cars or vans in household,68
E01026408,West Lindsey 002F,1,1 car or van in household,256
E01026408,West Lindsey 002F,2,2 cars or vans in household,206
E01026408,West Lindsey 002F,3,3 or more cars or vans in household,71
E01026409,West Lindsey 007C,-8,Does not apply,0
E01026409,West Lindsey 007C,0,No cars or vans in household,33
E01026409,West Lindsey 007C,1,1 car or van in household,215
E01026409,West Lindsey 007C,2,2 cars or vans in household,215
E01026409,West Lindsey 007C,3,3 or more cars or vans in household,102
E01026410,West Lindsey 007D,-8,Does not apply,0
E01026410,West Lindsey 007D,0,No cars or vans in household,65
E01026410,West Lindsey 007D,1,1 car or van in household,418
E01026410,West Lindsey 007D,2,2 cars or vans in household,209
E01026410,West Lindsey 007D,3,3 or more cars or vans in household,91
E01026411,West Lindsey 005D,-8,Does not apply,0
E01026411,West Lindsey 005D,0,No cars or vans in household,73
E01026411,West Lindsey 005D,1,1 car or van in household,400
E01026411,West Lindsey 005D,2,2 cars or vans in household,440
E01026411,West Lindsey 005D,3,3 or more cars or vans in household,188
E01026412,West Lindsey 008B,-8,Does not apply,0
E01026412,West Lindsey 008B,0,No cars or vans in household,122
E01026412,West Lindsey 008B,1,1 car or van in household,355
E01026412,West Lindsey 008B,2,2 cars or vans in household,294
E01026412,West Lindsey 008B,3,3 or more cars or vans in household,76
E01026413,West Lindsey 008C,-8,Does not apply,0
E01026413,West Lindsey 008C,0,No cars or vans in household,86
E01026413,West Lindsey 008C,1,1 car or van in household,353
E01026413,West Lindsey 008C,2,2 cars or vans in household,323
E01026413,West Lindsey 008C,3,3 or more cars or vans in household,130
E01026414,West Lindsey 008D,-8,Does not apply,0
E01026414,West Lindsey 008D,0,No cars or vans in household,48
E01026414,West Lindsey 008D,1,1 car or van in household,273
E01026414,West Lindsey 008D,2,2 cars or vans in household,339
E01026414,West Lindsey 008D,3,3 or more cars or vans in household,152
E01026415,West Lindsey 003E,-8,Does not apply,0
E01026415,West Lindsey 003E,0,No cars or vans in household,51
E01026415,West Lindsey 003E,1,1 car or van in household,239
E01026415,West Lindsey 003E,2,2 cars or vans in household,141
E01026415,West Lindsey 003E,3,3 or more cars or vans in household,63
E01026416,West Lindsey 001D,-8,Does not apply,0
E01026416,West Lindsey 001D,0,No cars or vans in household,61
E01026416,West Lindsey 001D,1,1 car or van in household,192
E01026416,West Lindsey 001D,2,2 cars or vans in household,225
E01026416,West Lindsey 001D,3,3 or more cars or vans in household,93
E01032683,West Lindsey 001G,-8,Does not apply,0
E01032683,West Lindsey 001G,0,No cars or vans in household,96
E01032683,West Lindsey 001G,1,1 car or van in household,451
E01032683,West Lindsey 001G,2,2 cars or vans in household,345
E01032683,West Lindsey 001G,3,3 or more cars or vans in household,139
E01032986,East Lindsey 004D,-8,Does not apply,0
E01032986,East Lindsey 004D,0,No cars or vans in household,156
E01032986,East Lindsey 004D,1,1 car or van in household,296
E01032986,East Lindsey 004D,2,2 cars or vans in household,108
E01032986,East Lindsey 004D,3,3 or more cars or vans in household,34
E01032987,East Lindsey 004E,-8,Does not apply,0
E01032987,East Lindsey 004E,0,No cars or vans in household,159
E01032987,East Lindsey 004E,1,1 car or van in household,370
E01032987,East Lindsey 004E,2,2 cars or vans in household,149
E01032987,East Lindsey 004E,3,3 or more cars or vans in household,26
E01032988,North Kesteven 013B,-8,Does not apply,0
E01032988,North Kesteven 013B,0,No cars or vans in household,110
E01032988,North Kesteven 013B,1,1 car or van in household,333
E01032988,North Kesteven 013B,2,2 cars or vans in household,284
E01032988,North Kesteven 013B,3,3 or more cars or vans in household,71
E01032989,North Kesteven 013C,-8,Does not apply,0
E01032989,North Kesteven 013C,0,No cars or vans in household,46
E01032989,North Kesteven 013C,1,1 car or van in household,358
E01032989,North Kesteven 013C,2,2 cars or vans in household,333
E01032989,North Kesteven 013C,3,3 or more cars or vans in household,75
E01032991,North Kesteven 014E,-8,Does not apply,0
E01032991,North Kesteven 014E,0,No cars or vans in household,119
E01032991,North Kesteven 014E,1,1 car or van in household,401
E01032991,North Kesteven 014E,2,2 cars or vans in household,325
E01032991,North Kesteven 014E,3,3 or more cars or vans in household,95
E01032992,North Kesteven 014F,-8,Does not apply,0
E01032992,North Kesteven 014F,0,No cars or vans in household,101
E01032992,North Kesteven 014F,1,1 car or van in household,320
E01032992,North Kesteven 014F,2,2 cars or vans in household,200
E01032992,North Kesteven 014F,3,3 or more cars or vans in household,63
E01032993,North Kesteven 013D,-8,Does not apply,0
E01032993,North Kesteven 013D,0,No cars or vans in household,81
E01032993,North Kesteven 013D,1,1 car or van in household,437
E01032993,North Kesteven 013D,2,2 cars or vans in household,413
E01032993,North Kesteven 013D,3,3 or more cars or vans in household,116
E01032994,North Kesteven 003H,-8,Does not apply,0
E01032994,North Kesteven 003H,0,No cars or vans in household,48
E01032994,North Kesteven 003H,1,1 car or van in household,285
E01032994,North Kesteven 003H,2,2 cars or vans in household,238
E01032994,North Kesteven 003H,3,3 or more cars or vans in household,96
E01032995,South Holland 006F,-8,Does not apply,0
E01032995,South Holland 006F,0,No cars or vans in household,297
E01032995,South Holland 006F,1,1 car or van in household,301
E01032995,South Holland 006F,2,2 cars or vans in household,96
E01032995,South Holland 006F,3,3 or more cars or vans in household,34
E01032996,South Holland 006G,-8,Does not apply,0
E01032996,South Holland 006G,0,No cars or vans in household,62
E01032996,South Holland 006G,1,1 car or van in household,225
E01032996,South Holland 006G,2,2 cars or vans in household,199
E01032996,South Holland 006G,3,3 or more cars or vans in household,82
E01032997,South Kesteven 011E,-8,Does not apply,0
E01032997,South Kesteven 011E,0,No cars or vans in household,40
E01032997,South Kesteven 011E,1,1 car or van in household,214
E01032997,South Kesteven 011E,2,2 cars or vans in household,180
E01032997,South Kesteven 011E,3,3 or more cars or vans in household,57
E01032998,South Kesteven 011F,-8,Does not apply,0
E01032998,South Kesteven 011F,0,No cars or vans in household,58
E01032998,South Kesteven 011F,1,1 car or van in household,316
E01032998,South Kesteven 011F,2,2 cars or vans in household,308
E01032998,South Kesteven 011F,3,3 or more cars or vans in household,58
E01032999,South Kesteven 011G,-8,Does not apply,0
E01032999,South Kesteven 011G,0,No cars or vans in household,97
E01032999,South Kesteven 011G,1,1 car or van in household,237
E01032999,South Kesteven 011G,2,2 cars or vans in household,174
E01032999,South Kesteven 011G,3,3 or more cars or vans in household,60
E01034679,Boston 002F,-8,Does not apply,0
E01034679,Boston 002F,0,No cars or vans in household,121
E01034679,Boston 002F,1,1 car or van in household,240
E01034679,Boston 002F,2,2 cars or vans in household,135
E01034679,Boston 002F,3,3 or more cars or vans in household,54
E01034680,Boston 002G,-8,Does not apply,0
E01034680,Boston 002G,0,No cars or vans in household,195
E01034680,Boston 002G,1,1 car or van in household,233
E01034680,Boston 002G,2,2 cars or vans in household,95
E01034680,Boston 002G,3,3 or more cars or vans in household,44
E01034681,Boston 003E,-8,Does not apply,0
E01034681,Boston 003E,0,No cars or vans in household,263
E01034681,Boston 003E,1,1 car or van in household,264
E01034681,Boston 003E,2,2 cars or vans in household,56
E01034681,Boston 003E,3,3 or more cars or vans in household,17
E01034682,Boston 003F,-8,Does not apply,0
E01034682,Boston 003F,0,No cars or vans in household,223
E01034682,Boston 003F,1,1 car or van in household,300
E01034682,Boston 003F,2,2 cars or vans in household,102
E01034682,Boston 003F,3,3 or more cars or vans in household,28
E01034683,Boston 009E,-8,Does not apply,0
E01034683,Boston 009E,0,No cars or vans in household,62
E01034683,Boston 009E,1,1 car or van in household,258
E01034683,Boston 009E,2,2 cars or vans in household,190
E01034683,Boston 009E,3,3 or more cars or vans in household,65
E01034684,Boston 009F,-8,Does not apply,0
E01034684,Boston 009F,0,No cars or vans in household,51
E01034684,Boston 009F,1,1 car or van in household,261
E01034684,Boston 009F,2,2 cars or vans in household,177
E01034684,Boston 009F,3,3 or more cars or vans in household,69
E01034685,East Lindsey 012E,-8,Does not apply,0
E01034685,East Lindsey 012E,0,No cars or vans in household,120
E01034685,East Lindsey 012E,1,1 car or van in household,352
E01034685,East Lindsey 012E,2,2 cars or vans in household,126
E01034685,East Lindsey 012E,3,3 or more cars or vans in household,43
E01034686,East Lindsey 012F,-8,Does not apply,0
E01034686,East Lindsey 012F,0,No cars or vans in household,141
E01034686,East Lindsey 012F,1,1 car or van in household,389
E01034686,East Lindsey 012F,2,2 cars or vans in household,186
E01034686,East Lindsey 012F,3,3 or more cars or vans in household,29
E01034687,Lincoln 005E,-8,Does not apply,0
E01034687,Lincoln 005E,0,No cars or vans in household,134
E01034687,Lincoln 005E,1,1 car or van in household,216
E01034687,Lincoln 005E,2,2 cars or vans in household,88
E01034687,Lincoln 005E,3,3 or more cars or vans in household,24
E01034688,Lincoln 005F,-8,Does not apply,0
E01034688,Lincoln 005F,0,No cars or vans in household,156
E01034688,Lincoln 005F,1,1 car or van in household,188
E01034688,Lincoln 005F,2,2 cars or vans in household,72
E01034688,Lincoln 005F,3,3 or more cars or vans in household,14
E01034689,Lincoln 007E,-8,Does not apply,0
E01034689,Lincoln 007E,0,No cars or vans in household,65
E01034689,Lincoln 007E,1,1 car or van in household,274
E01034689,Lincoln 007E,2,2 cars or vans in household,157
E01034689,Lincoln 007E,3,3 or more cars or vans in household,23
E01034690,Lincoln 007F,-8,Does not apply,0
E01034690,Lincoln 007F,0,No cars or vans in household,113
E01034690,Lincoln 007F,1,1 car or van in household,320
E01034690,Lincoln 007F,2,2 cars or vans in household,204
E01034690,Lincoln 007F,3,3 or more cars or vans in household,54
E01034691,Lincoln 008E,-8,Does not apply,0
E01034691,Lincoln 008E,0,No cars or vans in household,166
E01034691,Lincoln 008E,1,1 car or van in household,225
E01034691,Lincoln 008E,2,2 cars or vans in household,62
E01034691,Lincoln 008E,3,3 or more cars or vans in household,9
E01034692,Lincoln 008F,-8,Does not apply,0
E01034692,Lincoln 008F,0,No cars or vans in household,228
E01034692,Lincoln 008F,1,1 car or van in household,296
E01034692,Lincoln 008F,2,2 cars or vans in household,96
E01034692,Lincoln 008F,3,3 or more cars or vans in household,17
E01034693,North Kesteven 003I,-8,Does not apply,0
E01034693,North Kesteven 003I,0,No cars or vans in household,10
E01034693,North Kesteven 003I,1,1 car or van in household,230
E01034693,North Kesteven 003I,2,2 cars or vans in household,356
E01034693,North Kesteven 003I,3,3 or more cars or vans in household,78
E01034694,North Kesteven 003J,-8,Does not apply,0
E01034694,North Kesteven 003J,0,No cars or vans in household,19
E01034694,North Kesteven 003J,1,1 car or van in household,273
E01034694,North Kesteven 003J,2,2 cars or vans in household,334
E01034694,North Kesteven 003J,3,3 or more cars or vans in household,83
E01034695,North Kesteven 011F,-8,Does not apply,0
E01034695,North Kesteven 011F,0,No cars or vans in household,32
E01034695,North Kesteven 011F,1,1 car or van in household,247
E01034695,North Kesteven 011F,2,2 cars or vans in household,367
E01034695,North Kesteven 011F,3,3 or more cars or vans in household,100
E01034696,North Kesteven 011G,-8,Does not apply,0
E01034696,North Kesteven 011G,0,No cars or vans in household,36
E01034696,North Kesteven 011G,1,1 car or van in household,216
E01034696,North Kesteven 011G,2,2 cars or vans in household,271
E01034696,North Kesteven 011G,3,3 or more cars or vans in household,100
E01034697,South Holland 006H,-8,Does not apply,0
E01034697,South Holland 006H,0,No cars or vans in household,68
E01034697,South Holland 006H,1,1 car or van in household,304
E01034697,South Holland 006H,2,2 cars or vans in household,214
E01034697,South Holland 006H,3,3 or more cars or vans in household,65
E01034698,South Holland 006I,-8,Does not apply,0
E01034698,South Holland 006I,0,No cars or vans in household,36
E01034698,South Holland 006I,1,1 car or van in household,256
E01034698,South Holland 006I,2,2 cars or vans in household,264
E01034698,South Holland 006I,3,3 or more cars or vans in household,74
E01034699,South Holland 009F,-8,Does not apply,0
E01034699,South Holland 009F,0,No cars or vans in household,84
E01034699,South Holland 009F,1,1 car or van in household,262
E01034699,South Holland 009F,2,2 cars or vans in household,154
E01034699,South Holland 009F,3,3 or more cars or vans in household,49
E01034700,South Holland 009G,-8,Does not apply,0
E01034700,South Holland 009G,0,No cars or vans in household,79
E01034700,South Holland 009G,1,1 car or van in household,338
E01034700,South Holland 009G,2,2 cars or vans in household,192
E01034700,South Holland 009G,3,3 or more cars or vans in household,59
E01034701,South Kesteven 004F,-8,Does not apply,0
E01034701,South Kesteven 004F,0,No cars or vans in household,46
E01034701,South Kesteven 004F,1,1 car or van in household,234
E01034701,South Kesteven 004F,2,2 cars or vans in household,281
E01034701,South Kesteven 004F,3,3 or more cars or vans in household,41
E01034702,South Kesteven 004G,-8,Does not apply,0
E01034702,South Kesteven 004G,0,No cars or vans in household,51
E01034702,South Kesteven 004G,1,1 car or van in household,267
E01034702,South Kesteven 004G,2,2 cars or vans in household,240
E01034702,South Kesteven 004G,3,3 or more cars or vans in household,91
E01034703,South Kesteven 010E,-8,Does not apply,0
E01034703,South Kesteven 010E,0,No cars or vans in household,80
E01034703,South Kesteven 010E,1,1 car or van in household,242
E01034703,South Kesteven 010E,2,2 cars or vans in household,185
E01034703,South Kesteven 010E,3,3 or more cars or vans in household,67
E01034704,South Kesteven 010F,-8,Does not apply,0
E01034704,South Kesteven 010F,0,No cars or vans in household,47
E01034704,South Kesteven 010F,1,1 car or van in household,221
E01034704,South Kesteven 010F,2,2 cars or vans in household,235
E01034704,South Kesteven 010F,3,3 or more cars or vans in household,47
E01034705,South Kesteven 010G,-8,Does not apply,0
E01034705,South Kesteven 010G,0,No cars or vans in household,29
E01034705,South Kesteven 010G,1,1 car or van in household,220
E01034705,South Kesteven 010G,2,2 cars or vans in household,263
E01034705,South Kesteven 010G,3,3 or more cars or vans in household,38
E01034706,West Lindsey 009E,-8,Does not apply,0
E01034706,West Lindsey 009E,0,No cars or vans in household,37
E01034706,West Lindsey 009E,1,1 car or van in household,240
E01034706,West Lindsey 009E,2,2 cars or vans in household,282
E01034706,West Lindsey 009E,3,3 or more cars or vans in household,85
E01034707,West Lindsey 009F,-8,Does not apply,0
E01034707,West Lindsey 009F,0,No cars or vans in household,26
E01034707,West Lindsey 009F,1,1 car or van in household,272
E01034707,West Lindsey 009F,2,2 cars or vans in household,225
E01034707,West Lindsey 009F,3,3 or more cars or vans in household,89
